#################################################
               handle_unions_log                 
#################################################
{129: (1.0, 39, 39), 2791: (0.45, 9, 20)}
len(cluster1)=9
len(cluster2)=39
{245: (0.4166666666666667, 20, 48), 2993: (1.0, 43, 43)}
len(cluster1)=20
len(cluster2)=43
{294: (0.45454545454545453, 5, 11), 1813: (1.0, 21, 21)}
len(cluster1)=5
len(cluster2)=21
{666: (1.0, 29, 29)}
len(cluster1)=1
len(cluster2)=28
{697: (1.0, 39, 39), 736: (0.275, 11, 40)}
len(cluster1)=39
len(cluster2)=11
{791: (0.03125, 1, 32), 2461: (1.0, 33, 33)}
len(cluster1)=33
len(cluster2)=1
{851: (0.4827586206896552, 14, 29), 1064: (1.0, 38, 38)}
len(cluster1)=14
len(cluster2)=38
{1023: (0.09375, 3, 32), 1882: (1.0, 31, 31)}
len(cluster1)=3
len(cluster2)=31
{1904: (0.9791666666666666, 47, 48), 2454: (0.39473684210526316, 15, 38)}
len(cluster1)=47
len(cluster2)=15
{1983: (0.16666666666666666, 3, 18), 2715: (0.9714285714285714, 34, 35)}
len(cluster1)=3
len(cluster2)=34
count_wrong=10
count_right=26

#################################################
               handle_singletons_log             
#################################################
count_true_unwanted_singletons=479
len(singletons)=531
singleton_cluster_id=123 ; value=(0.5, 1, 2)
true algo cluster = 124 ; len = 1 ; candidates = [4, 5, 38, 43, 46, 52, 82, 84, 119, 120, 122, 125, 126, 127, 128, 129, 141, 155, 158, 159, 160, 161, 162, 163, 167, 168, 171, 172, 173, 174, 175, 176, 178, 179, 180, 181, 182, 183, 187, 189, 190, 191, 192, 193, 194, 195, 196, 197, 198, 199, 200, 202, 206, 208, 209, 210, 211, 213, 214, 215, 216, 217, 218, 224, 233, 245, 246, 250, 270, 275, 276, 278, 280, 293, 353, 357, 363, 364, 437, 473, 503, 506, 507, 508, 509, 532, 589, 610, 674, 676, 723, 745, 748, 754, 769, 798, 799, 800, 801, 802, 803, 808, 811, 812, 813, 817, 818, 822, 826, 828, 839, 877, 899, 973, 1102, 1105, 1121, 1122, 1123, 1124, 1125, 1134, 1144, 1280, 1285, 1402, 1418, 1421, 1427, 1434, 1436, 1437, 1438, 1439, 1441, 1442, 1447, 1852, 2312, 2335, 2483, 2488, 2496, 2555, 2565, 2602, 2619, 2621, 2622, 2626, 2628, 2633, 2635, 2636, 2638, 2640, 2641, 2642, 2643, 2716, 2718, 2909, 2929, 3001, 3226, 3551, 3567]
singleton cluster id: 123 ; true_algo_ham_mean: 103.0 ; origin_ham_mean: 0 ; guessed index: AAACGC ; singleton index: AAGGCA

singleton_cluster_id=124 ; value=(0.5, 1, 2)
true algo cluster = 123 ; len = 1 ; candidates = [1, 6, 8, 10, 14, 15, 17, 21, 22, 23, 24, 25, 26, 27, 28, 29, 30, 31, 32, 33, 34, 36, 37, 39, 40, 41, 43, 45, 46, 47, 48, 49, 50, 51, 53, 54, 61, 62, 63, 64, 65, 66, 67, 68, 69, 83, 85, 90, 99, 102, 103, 104, 105, 109, 111, 112, 113, 114, 125, 126, 127, 129, 133, 136, 152, 160, 161, 163, 165, 173, 183, 184, 185, 186, 188, 191, 192, 193, 200, 202, 203, 207, 216, 223, 234, 235, 238, 252, 254, 256, 258, 259, 260, 261, 265, 267, 279, 294, 302, 317, 319, 320, 323, 337, 338, 339, 340, 341, 343, 344, 347, 349, 359, 360, 364, 382, 420, 439, 489, 496, 521, 574, 627, 628, 629, 644, 647, 648, 650, 652, 653, 654, 655, 676, 691, 695, 718, 724, 750, 801, 809, 934, 936, 937, 953, 957, 958, 959, 960, 961, 978, 1035, 1038, 1048, 1050, 1187, 1231, 1238, 1252, 1256, 1257, 1259, 1261, 1262, 1263, 1264, 1265, 1267, 1268, 1280, 1285, 1360, 1384, 1430, 1439, 1500, 1876, 2170, 2445, 2446, 2447, 2451, 2461, 2465, 2466, 2467, 2469, 2472, 2475, 2496, 2540, 2549, 2559, 2566, 2567, 2573, 2588, 2590, 2696, 2702, 2713, 2721, 3556]
singleton cluster id: 124 ; true_algo_ham_mean: 103.0 ; origin_ham_mean: 0 ; guessed index: AAGGCA ; singleton index: AAACGC

singleton_cluster_id=978 ; value=(0.625, 5, 8)
true algo cluster = 976 ; len = 5 ; candidates = [1, 6, 7, 10, 14, 15, 22, 28, 30, 31, 39, 41, 43, 45, 46, 53, 54, 58, 61, 65, 66, 79, 83, 86, 88, 91, 94, 110, 124, 125, 129, 138, 139, 160, 166, 169, 183, 193, 200, 202, 204, 216, 228, 229, 230, 231, 232, 233, 234, 235, 236, 237, 238, 239, 240, 241, 242, 243, 245, 247, 248, 252, 254, 255, 256, 258, 259, 260, 261, 265, 267, 271, 273, 275, 276, 277, 278, 279, 280, 281, 282, 283, 285, 288, 291, 295, 296, 297, 299, 301, 302, 303, 307, 323, 373, 382, 401, 480, 543, 545, 548, 552, 554, 559, 574, 654, 667, 687, 690, 695, 801, 805, 841, 857, 861, 863, 865, 866, 922, 931, 936, 959, 970, 973, 975, 977, 984, 992, 993, 999, 1017, 1034, 1048, 1115, 1159, 1160, 1163, 1167, 1168, 1169, 1171, 1172, 1174, 1187, 1200, 1203, 1231, 1295, 1296, 1325, 1407, 1409, 1455, 1483, 1500, 1501, 1511, 1516, 1518, 1535, 1777, 2079, 2201, 2382, 2451, 2480, 2503, 2530, 2607, 2676, 2681, 2682, 2688, 2702, 2713, 2721]
singleton cluster id: 978 ; true_algo_ham_mean: 95.6 ; origin_ham_mean: 82.0 ; guessed index: ATAGGG ; singleton index: AATAGC

singleton_cluster_id=982 ; value=(0.9705882352941176, 33, 34)
true algo cluster = 981 ; len = 33 ; candidates = [65, 125, 129, 130, 138, 142, 144, 145, 147, 148, 188, 222, 248, 258, 302, 401, 420, 439, 442, 451, 452, 455, 456, 459, 460, 461, 496, 500, 515, 521, 534, 547, 552, 553, 571, 574, 583, 589, 590, 591, 593, 595, 598, 599, 609, 652, 653, 661, 675, 676, 690, 694, 695, 696, 697, 704, 709, 712, 713, 714, 716, 717, 720, 725, 731, 732, 733, 735, 736, 740, 742, 744, 745, 746, 750, 751, 753, 755, 757, 758, 759, 760, 761, 764, 765, 766, 767, 768, 770, 771, 772, 773, 774, 775, 776, 777, 778, 779, 780, 781, 801, 809, 815, 819, 823, 827, 836, 842, 843, 844, 846, 847, 848, 849, 852, 865, 887, 896, 899, 900, 901, 902, 909, 913, 917, 918, 919, 922, 924, 977, 1017, 1035, 1038, 1050, 1054, 1070, 1076, 1077, 1116, 1117, 1200, 1384, 1433, 1435, 1691, 1914, 1929, 1963, 1966, 1974, 1977, 1978, 1980, 1982, 1984, 2047, 2058, 2585, 2631, 2656, 2809, 2878, 2952, 2987, 3000, 3002, 3003, 3024, 3077, 3122, 3140, 3155, 3173, 3174, 3465, 3469, 3516, 3559, 3560, 3574]
singleton cluster id: 982 ; true_algo_ham_mean: 96.0 ; origin_ham_mean: 75.63636363636364 ; guessed index: ATAGGG ; singleton index: AGCTGC

singleton_cluster_id=1443 ; value=(0.9473684210526315, 18, 19)
true algo cluster = 387 ; len = 19 ; candidates = [248, 279, 312, 323, 353, 362, 364, 365, 367, 369, 382, 442, 504, 510, 512, 676, 1017, 1054, 1236, 1280, 1285, 1367, 1407, 1409, 1427, 1434, 1439, 1441, 1442, 1457, 1555, 1568, 1583, 1587, 1590, 1591, 1594, 1595, 1612, 1740, 1741, 1743, 1823, 1887, 1896, 2089, 2185, 2224, 2496, 2567, 2757, 2787, 2788, 2789, 2790, 2791, 2792, 2793, 2794, 2809, 2931, 3083, 3110, 3376, 3444, 3449, 3451]
singleton cluster id: 1443 ; true_algo_ham_mean: 96.83333333333333 ; origin_ham_mean: 66.63636363636364 ; guessed index: CAGGGG ; singleton index: TCAGGC

singleton_cluster_id=1593 ; value=(0.9333333333333333, 42, 45)
true algo cluster = 1568 ; len = 51 ; candidates = [97, 98, 100, 177, 530, 553, 643, 703, 705, 706, 715, 719, 723, 725, 726, 727, 728, 729, 730, 744, 749, 764, 798, 802, 832, 872, 873, 874, 879, 887, 1025, 1095, 1266, 1338, 1592, 1599, 1639, 1642, 1920, 1923, 1924, 1934, 1938, 1939, 1940, 1941, 1942, 1943, 1945, 1948, 1959, 1973, 1976, 2008, 2009, 2088, 2234, 2460, 2520, 2522, 2528, 2531, 2538, 2541, 2553, 2561, 2562, 2578, 2618, 2621, 2622, 2690, 2693, 2764, 2771, 2772, 2816, 2817, 2818, 2819, 2820, 2823, 2825, 2826, 2830, 2831, 2832, 2833, 2837, 2839, 2847, 2849, 2850, 2851, 2852, 2853, 2867, 2869, 2875, 2906, 2930, 2944, 2977, 3031, 3032, 3034, 3045, 3051, 3052, 3053, 3054, 3065, 3070, 3072, 3073, 3090, 3092, 3113, 3114, 3115, 3116, 3117, 3118, 3120, 3121, 3123, 3125, 3126, 3127, 3128, 3129, 3130, 3131, 3132, 3133, 3135, 3136, 3137, 3140, 3141, 3142, 3143, 3144, 3145, 3146, 3147, 3148, 3149, 3150, 3153, 3158, 3159, 3164, 3165, 3167, 3168, 3169, 3170, 3173, 3176, 3177, 3180, 3181, 3182, 3199, 3200, 3201, 3202, 3204, 3205, 3209, 3211, 3240, 3256, 3276, 3277, 3279, 3282, 3290, 3295, 3353, 3354, 3356, 3406, 3409, 3413, 3415, 3424, 3428, 3432, 3440, 3458, 3459, 3460, 3503, 3504, 3505, 3581]
singleton cluster id: 1593 ; true_algo_ham_mean: 99.91666666666667 ; origin_ham_mean: 79.45454545454545 ; guessed index: CCAGGA ; singleton index: GGCCAA

singleton_cluster_id=1653 ; value=(0.95, 19, 20)
true algo cluster = 1652 ; len = 19 ; candidates = [336, 377, 410, 413, 414, 415, 416, 417, 418, 419, 423, 425, 431, 433, 437, 450, 530, 728, 729, 730, 749, 1013, 1031, 1033, 1095, 1236, 1334, 1337, 1350, 1545, 1564, 1569, 1625, 1626, 1627, 1630, 1631, 1639, 1640, 1641, 1642, 1643, 1644, 1646, 1647, 1648, 1655, 1665, 1680, 1683, 1690, 1790, 1925, 1943, 1948, 2167, 2235, 2237, 2238, 2240, 2242, 2245, 2528, 2553, 2767, 2830, 2831, 2832, 2833, 2834, 2835, 2836, 2837, 2842, 2843, 2850, 2851, 2853, 2874, 2906, 2986, 3117, 3133, 3411, 3426, 3428, 3429, 3430]
singleton cluster id: 1653 ; true_algo_ham_mean: 95.33333333333333 ; origin_ham_mean: 66.9090909090909 ; guessed index: CCCCTT ; singleton index: TCCCCA

singleton_cluster_id=1728 ; value=(0.9791666666666666, 47, 48)
true algo cluster = 1727 ; len = 47 ; candidates = [127, 362, 377, 396, 397, 415, 416, 418, 420, 437, 438, 439, 440, 442, 456, 508, 571, 590, 591, 593, 1049, 1279, 1284, 1318, 1319, 1320, 1342, 1343, 1344, 1346, 1348, 1350, 1357, 1360, 1361, 1362, 1363, 1364, 1365, 1367, 1371, 1382, 1386, 1418, 1440, 1441, 1512, 1567, 1569, 1570, 1574, 1581, 1583, 1586, 1587, 1588, 1589, 1608, 1610, 1621, 1625, 1626, 1627, 1628, 1637, 1640, 1643, 1644, 1645, 1646, 1647, 1649, 1654, 1655, 1657, 1658, 1659, 1661, 1662, 1663, 1664, 1665, 1666, 1667, 1668, 1670, 1671, 1672, 1673, 1674, 1675, 1676, 1677, 1683, 1684, 1685, 1686, 1687, 1688, 1689, 1690, 1691, 1704, 1706, 1715, 1717, 1718, 1719, 1720, 1721, 1722, 1725, 1726, 1729, 1732, 1734, 1736, 1738, 1739, 1740, 1741, 1743, 1744, 1745, 1746, 1756, 1760, 1775, 1776, 1791, 1795, 1796, 1798, 1807, 1812, 1818, 1819, 1820, 1821, 1823, 1835, 1838, 1892, 1925, 1944, 1947, 1960, 1961, 1962, 1963, 1966, 1977, 2014, 2055, 2112, 2113, 2216, 2218, 2230, 2238, 2240, 2242, 2245, 2253, 2256, 2257, 2258, 2259, 2317, 2336, 2412, 2428, 2568, 2569, 2787, 2788, 2789, 2821, 2834, 2835, 2836, 2844, 2848, 2854, 2855, 2856, 2863, 2864, 2873, 2911, 2933, 3002, 3003, 3151, 3445, 3548, 3575]
singleton cluster id: 1728 ; true_algo_ham_mean: 97.5 ; origin_ham_mean: 73.18181818181819 ; guessed index: CCGCGG ; singleton index: CCCGCC

singleton_cluster_id=2089 ; value=(0.9, 36, 40)
true algo cluster = 832 ; len = 36 ; candidates = [88, 205, 248, 300, 402, 554, 680, 713, 717, 980, 1008, 1015, 1016, 1017, 1023, 1036, 1053, 1055, 1060, 1076, 1077, 1094, 1133, 1171, 1206, 1222, 1241, 1244, 1291, 1314, 1321, 1324, 1325, 1326, 1329, 1331, 1368, 1389, 1410, 1443, 1474, 1483, 1556, 1557, 1560, 1568, 1572, 1575, 1588, 1590, 1591, 1592, 1594, 1595, 1598, 1611, 1615, 1624, 1628, 1632, 1633, 1634, 1638, 1650, 1668, 1670, 1671, 1675, 1692, 1707, 1744, 1745, 1792, 1793, 1801, 1824, 1858, 1922, 1929, 1931, 1932, 1933, 1949, 1967, 1984, 1985, 2002, 2038, 2078, 2088, 2092, 2100, 2101, 2153, 2157, 2158, 2159, 2160, 2162, 2173, 2174, 2181, 2182, 2185, 2186, 2188, 2189, 2190, 2192, 2194, 2206, 2213, 2214, 2215, 2216, 2218, 2219, 2220, 2221, 2222, 2224, 2225, 2226, 2227, 2229, 2231, 2232, 2233, 2236, 2241, 2244, 2246, 2250, 2254, 2255, 2258, 2259, 2260, 2261, 2262, 2263, 2264, 2265, 2266, 2267, 2268, 2272, 2280, 2281, 2282, 2283, 2288, 2289, 2303, 2305, 2306, 2307, 2315, 2323, 2341, 2342, 2363, 2373, 2377, 2381, 2382, 2383, 2385, 2392, 2418, 2432, 2434, 2790, 2900, 2971, 2979, 2988, 3370, 3373, 3377, 3382, 3408, 3416, 3417, 3418, 3434, 3442, 3449, 3452, 3468, 3470, 3490]
singleton cluster id: 2089 ; true_algo_ham_mean: 97.0 ; origin_ham_mean: 76.36363636363636 ; guessed index: CGTCAA ; singleton index: CTCAGG

singleton_cluster_id=2401 ; value=(0.5, 1, 2)
true algo cluster = 2402 ; len = 1 ; candidates = [13, 603, 605, 607, 615, 616, 619, 620, 621, 915, 920, 994, 1010, 1062, 1161, 1164, 1166, 1179, 1180, 1194, 1213, 1214, 1215, 1219, 1224, 1225, 1228, 1298, 1379, 1456, 1474, 1480, 1486, 1488, 1494, 1503, 1506, 1510, 1525, 1526, 1527, 1528, 1538, 1539, 1540, 1542, 1543, 1560, 1582, 1682, 1772, 1781, 1782, 1784, 1785, 1803, 1806, 1826, 1830, 1831, 1833, 1834, 1837, 1842, 1844, 1845, 1847, 1905, 2050, 2059, 2071, 2093, 2102, 2109, 2118, 2125, 2127, 2128, 2129, 2130, 2137, 2141, 2142, 2145, 2163, 2179, 2181, 2183, 2196, 2197, 2198, 2199, 2204, 2208, 2209, 2210, 2211, 2212, 2228, 2269, 2271, 2272, 2273, 2276, 2278, 2279, 2285, 2290, 2291, 2297, 2326, 2328, 2340, 2351, 2353, 2354, 2358, 2364, 2365, 2369, 2370, 2371, 2372, 2373, 2374, 2375, 2376, 2378, 2380, 2384, 2385, 2386, 2387, 2388, 2389, 2390, 2391, 2393, 2397, 2403, 2404, 2405, 2406, 2407, 2408, 2409, 2410, 2418, 2419, 2421, 2422, 2423, 2424, 2425, 2426, 2427, 2430, 2431, 2432, 2433, 2434, 2435, 2436, 2437, 2438, 2439, 2440, 2974, 3015, 3016, 3018, 3021, 3027, 3028, 3029, 3030, 3271, 3420, 3493, 3495]
singleton cluster id: 2401 ; true_algo_ham_mean: 112.0 ; origin_ham_mean: 0 ; guessed index: CCTTCG ; singleton index: CTTTAT

singleton_cluster_id=2402 ; value=(0.5, 1, 2)
true algo cluster = 2401 ; len = 1 ; candidates = [298, 342, 361, 378, 455, 457, 462, 463, 466, 529, 566, 575, 576, 609, 613, 614, 1147, 1218, 1221, 1350, 1383, 1387, 1394, 1395, 1426, 1459, 1464, 1479, 1493, 1497, 1499, 1506, 1513, 1514, 1529, 1530, 1531, 1532, 1534, 1536, 1537, 1541, 1551, 1588, 1604, 1605, 1608, 1609, 1610, 1611, 1613, 1617, 1618, 1628, 1645, 1663, 1664, 1665, 1683, 1685, 1688, 1689, 1690, 1692, 1696, 1703, 1721, 1729, 1755, 1757, 1758, 1763, 1764, 1771, 1774, 1775, 1776, 1780, 1781, 1782, 1785, 1786, 1787, 1790, 1791, 1793, 1794, 1795, 1796, 1797, 1798, 1799, 1800, 1801, 1803, 1804, 1805, 1806, 1807, 1808, 1814, 1817, 1818, 1819, 1820, 1821, 1822, 1824, 1825, 1826, 1828, 1830, 1831, 1832, 1833, 1834, 1835, 1836, 1837, 1838, 1839, 1840, 1841, 1842, 1843, 1844, 1845, 1846, 1847, 1910, 1975, 1978, 1979, 1980, 1983, 2074, 2075, 2096, 2102, 2114, 2116, 2132, 2134, 2135, 2137, 2138, 2139, 2144, 2148, 2155, 2223, 2248, 2249, 2277, 2284, 2286, 2288, 2289, 2317, 2349, 2357, 2377, 2392, 2393, 2396, 2398, 2399, 2400, 2403, 2406, 2407, 2413, 2417, 2418, 2425, 2427, 2428, 2432, 2434, 2438, 2440, 2736, 2773, 2801, 2876, 2885, 2948, 2967, 2984, 2993, 3004, 3020, 3022, 3025, 3026, 3287, 3289, 3571, 3574, 3575]
singleton cluster id: 2402 ; true_algo_ham_mean: 112.0 ; origin_ham_mean: 0 ; guessed index: CTTTAT ; singleton index: CCTTCG

singleton_cluster_id=2555 ; value=(0.6666666666666666, 2, 3)
true algo cluster = 2554 ; len = 2 ; candidates = [43, 123, 175, 178, 182, 196, 197, 198, 275, 363, 507, 531, 674, 676, 723, 745, 748, 769, 798, 799, 802, 808, 813, 817, 822, 895, 899, 1102, 1124, 1402, 1418, 1421, 1427, 1434, 1436, 1437, 1438, 1441, 1442, 1447, 1852, 1886, 1887, 1895, 1896, 2312, 2335, 2464, 2471, 2483, 2487, 2488, 2489, 2490, 2492, 2493, 2496, 2524, 2528, 2553, 2565, 2568, 2569, 2571, 2583, 2598, 2600, 2602, 2603, 2604, 2605, 2606, 2607, 2614, 2616, 2618, 2619, 2620, 2621, 2622, 2623, 2624, 2625, 2626, 2627, 2628, 2630, 2633, 2634, 2635, 2636, 2637, 2638, 2639, 2640, 2641, 2642, 2643, 2644, 2645, 2646, 2647, 2648, 2649, 2650, 2651, 2655, 2657, 2659, 2660, 2667, 2674, 2677, 2689, 2691, 2715, 2716, 2717, 2718, 2719, 2817, 2893, 2906, 2909, 2924, 2926, 2929, 2932, 2933, 3000, 3001, 3076, 3083, 3118, 3150, 3158, 3183, 3187, 3199, 3200, 3201, 3202, 3204, 3205, 3211, 3213, 3215, 3218, 3219, 3220, 3222, 3224, 3226, 3227, 3228, 3229, 3230, 3234, 3235, 3239, 3279, 3376, 3478, 3486, 3498, 3505, 3520, 3523, 3527, 3528, 3529, 3532, 3542, 3543, 3547, 3552]
singleton cluster id: 2555 ; true_algo_ham_mean: 102.5 ; origin_ham_mean: 77.0 ; guessed index: GACCCT ; singleton index: GAGGCA

singleton_cluster_id=2714 ; value=(0.9777777777777777, 44, 45)
true algo cluster = 2713 ; len = 44 ; candidates = [156, 793, 865, 866, 886, 889, 908, 924, 999, 1060, 1140, 1142, 1152, 1153, 1172, 1282, 1802, 1859, 1932, 2003, 2071, 2077, 2078, 2079, 2081, 2082, 2086, 2109, 2125, 2201, 2227, 2307, 2364, 2380, 2384, 2385, 2495, 2604, 2682, 3082, 3124, 3191, 3259, 3264, 3268, 3269, 3274, 3280, 3308, 3312, 3322, 3350, 3374, 3378, 3379, 3380, 3384, 3385, 3399, 3416, 3418, 3491, 3495, 3536]
singleton cluster id: 2714 ; true_algo_ham_mean: 98.16666666666667 ; origin_ham_mean: 79.36363636363636 ; guessed index: GAATGC ; singleton index: TGTAGT

singleton_cluster_id=2802 ; value=(0.967741935483871, 30, 31)
true algo cluster = 2801 ; len = 30 ; candidates = [17, 331, 332, 336, 347, 348, 349, 350, 351, 450, 499, 563, 578, 659, 707, 711, 951, 956, 962, 1328, 1334, 1351, 1370, 1374, 1375, 1376, 1377, 1378, 1379, 1380, 1391, 1392, 1393, 1431, 1502, 1563, 1578, 1579, 1580, 1596, 1597, 1599, 1616, 1679, 1680, 1730, 1778, 1926, 2118, 2176, 2217, 2287, 2460, 2464, 2469, 2476, 2477, 2479, 2481, 2482, 2506, 2509, 2513, 2524, 2535, 2548, 2559, 2567, 2578, 2579, 2580, 2581, 2582, 2583, 2587, 2596, 2597, 2630, 2732, 2740, 2747, 2748, 2749, 2750, 2751, 2754, 2755, 2760, 2761, 2762, 2763, 2764, 2765, 2766, 2767, 2768, 2769, 2770, 2774, 2776, 2777, 2778, 2779, 2780, 2781, 2782, 2783, 2786, 2796, 2797, 2798, 2799, 2800, 2805, 2806, 2807, 2808, 2811, 2813, 2814, 2815, 2822, 2829, 2830, 2831, 2832, 2833, 2837, 2845, 2846, 2850, 2851, 2853, 2867, 2868, 2869, 2871, 2872, 2877, 2882, 2884, 2886, 2888, 2893, 2902, 2906, 2914, 2920, 2921, 2922, 2943, 2944, 2947, 2955, 2965, 2968, 2973, 2975, 2977, 2986, 2991, 2992, 2994, 2996, 2997, 3015, 3016, 3018, 3027, 3044, 3051, 3065, 3066, 3068, 3069, 3086, 3107, 3108, 3209, 3270, 3290, 3334, 3347, 3353, 3354, 3356, 3357, 3364, 3365, 3379, 3410, 3412, 3414, 3419, 3460, 3461]
singleton cluster id: 2802 ; true_algo_ham_mean: 98.91666666666667 ; origin_ham_mean: 77.45454545454545 ; guessed index: GCCTTG ; singleton index: GCACTA

singleton_cluster_id=3390 ; value=(0.9333333333333333, 14, 15)
true algo cluster = 3389 ; len = 14 ; candidates = [60, 242, 264, 483, 522, 524, 525, 528, 559, 637, 720, 789, 795, 805, 857, 861, 863, 865, 868, 870, 892, 919, 971, 1057, 1174, 1322, 1330, 1456, 1463, 1468, 1478, 1485, 1487, 1504, 1637, 1682, 1710, 1752, 1775, 1777, 1786, 1787, 1788, 1789, 1802, 1805, 1808, 1817, 1849, 1853, 1857, 1861, 1862, 1863, 1882, 1891, 1904, 1905, 1907, 1908, 1909, 1910, 1911, 1912, 1914, 1915, 1918, 1921, 1928, 1929, 1933, 1935, 1936, 1974, 1978, 1980, 1992, 1995, 1997, 1999, 2004, 2005, 2006, 2023, 2043, 2050, 2054, 2059, 2063, 2067, 2068, 2069, 2070, 2071, 2072, 2073, 2074, 2075, 2077, 2078, 2079, 2081, 2082, 2083, 2084, 2085, 2086, 2090, 2093, 2094, 2095, 2097, 2099, 2102, 2103, 2104, 2107, 2112, 2120, 2122, 2128, 2129, 2130, 2131, 2132, 2133, 2134, 2135, 2138, 2139, 2141, 2142, 2143, 2144, 2145, 2171, 2177, 2193, 2197, 2200, 2202, 2204, 2221, 2231, 2309, 2362, 2382, 2386, 2388, 2405, 2420, 2424, 2429, 2430, 2733, 2957, 3094, 3099, 3257, 3267, 3310, 3311, 3365, 3380, 3383, 3385, 3388, 3392, 3393, 3395, 3401, 3494, 3539]
singleton cluster id: 3390 ; true_algo_ham_mean: 97.25 ; origin_ham_mean: 82.27272727272727 ; guessed index: GTATAG ; singleton index: CGTATC

singleton_cluster_id=3537 ; value=(0.6666666666666666, 2, 3)
true algo cluster = 3536 ; len = 2 ; candidates = [170, 286, 484, 680, 688, 796, 870, 897, 898, 947, 1001, 1094, 1097, 1100, 1117, 1133, 1136, 1154, 1156, 1175, 1414, 1712, 1915, 2006, 2080, 2085, 2159, 2162, 2205, 2206, 2305, 2306, 2309, 2310, 2311, 2347, 2515, 2536, 2604, 2608, 2609, 2610, 2612, 2617, 2649, 2668, 2686, 2711, 2712, 2726, 2742, 2761, 2808, 2899, 2900, 2902, 2903, 2904, 2905, 2922, 2958, 2998, 3012, 3035, 3047, 3048, 3068, 3074, 3077, 3085, 3089, 3091, 3098, 3100, 3101, 3103, 3104, 3105, 3188, 3190, 3192, 3193, 3194, 3195, 3197, 3237, 3254, 3273, 3297, 3307, 3333, 3334, 3337, 3338, 3343, 3344, 3347, 3349, 3350, 3352, 3363, 3367, 3370, 3373, 3377, 3389, 3391, 3394, 3396, 3397, 3398, 3399, 3402, 3403, 3408, 3417, 3419, 3423, 3439, 3443, 3449, 3453, 3474, 3476, 3477, 3479, 3480, 3483, 3484, 3485, 3487, 3488, 3490, 3491, 3493, 3494, 3495, 3496, 3497, 3502, 3508, 3512, 3513, 3515, 3518, 3519, 3522, 3530, 3532, 3533, 3534, 3535, 3540, 3545, 3546, 3580]
singleton cluster id: 3537 ; true_algo_ham_mean: 96.0 ; origin_ham_mean: 94.0 ; guessed index: GGTGGT ; singleton index: GTGATG

count_how_many_candidates_we_missed=16
ham_dist_candidates_and_origins={143: (86.83333333333333, 86.83333333333333, True), 225: (76.66666666666667, 76.66666666666667, True), 268: (81.91666666666667, 81.91666666666667, True), 353: (73.91666666666667, 73.91666666666667, True), 488: (81.75, 81.75, True), 832: (69.5, 69.5, True), 864: (84.0, 84.0, True), 1467: (85.1, 85.1, True), 1501: (84.58333333333333, 84.58333333333333, True), 1502: (66.0, 66.0, True), 1503: (66.0, 66.0, True), 1504: (69.0, 69.0, True), 1505: (69.0, 69.0, True), 1523: (87.41666666666667, 87.41666666666667, True), 1582: (90.91666666666667, 90.91666666666667, True), 1787: (78.5, 78.5, True), 2023: (84.66666666666667, 84.66666666666667, True), 2133: (85.0, 85.0, True), 2134: (85.0, 85.0, True), 2247: (87.5, 87.5, True), 2385: (84.58333333333333, 84.58333333333333, True), 2401: (91.25, 91.25, True), 2510: (103.0, 100.0, False), 2511: (103.0, 107.5, False), 2665: (67.42857142857143, 67.42857142857143, True), 3132: (86.91666666666667, 86.91666666666667, True), 3547: (83.33333333333333, 83.33333333333333, True), 3670: (78.25, 78.25, True), 3742: (90.41666666666667, 90.41666666666667, True), 3810: (75.75, 75.75, True), 3926: (85.16666666666667, 85.16666666666667, True), 4060: (75.16666666666667, 75.16666666666667, True), 4241: (84.5, 84.5, True), 4257: (87.41666666666667, 87.41666666666667, True), 4530: (84.5, 84.5, True), 4798: (90.91666666666667, 90.91666666666667, True), 5095: (70.58333333333333, 70.58333333333333, True), 5175: (82.91666666666667, 82.91666666666667, True), 5220: (90.25, 90.25, True), 5294: (79.36363636363636, 79.36363636363636, True), 5303: (87.5, 87.5, True), 5411: (104.0, 104.0, True), 5416: (76.0, 76.0, True), 5417: (76.0, 76.0, True), 5434: (74.83333333333333, 74.83333333333333, True), 5503: (70.33333333333333, 70.33333333333333, True), 5641: (93.16666666666667, 93.16666666666667, True), 5830: (82.83333333333333, 82.83333333333333, True), 5992: (98.16666666666667, 98.16666666666667, True), 6085: (78.08333333333333, 78.08333333333333, True), 6320: (93.0, 92.0, False), 6323: (94.33333333333333, 92.0, False), 6921: (91.41666666666667, 91.41666666666667, True), 6997: (91.83333333333333, 91.83333333333333, True), 7069: (93.5, 93.5, True), 7131: (81.5, 81.5, True), 7392: (94.91666666666667, 94.91666666666667, True), 7830: (91.91666666666667, 91.91666666666667, True), 8016: (89.5, 89.5, True), 8124: (98.5, 98.5, True), 8418: (81.0, 81.0, True), 8419: (81.0, 81.0, True), 8527: (77.66666666666667, 77.66666666666667, True), 8585: (76.91666666666667, 76.91666666666667, True), 8626: (81.33333333333333, 81.33333333333333, True), 8637: (104.33333333333333, 104.33333333333333, True), 8780: (91.58333333333333, 91.58333333333333, True), 8950: (76.33333333333333, 76.33333333333333, True), 9524: (74.58333333333333, 74.58333333333333, True), 9538: (77.08333333333333, 77.08333333333333, True), 9739: (85.58333333333333, 85.58333333333333, True), 10604: (82.41666666666667, 82.41666666666667, True), 10634: (90.16666666666667, 90.16666666666667, True), 10827: (86.16666666666667, 86.16666666666667, True), 10967: (94.75, 94.75, True), 11118: (81.25, 81.25, True), 11156: (74.91666666666667, 74.91666666666667, True), 11192: (82.33333333333333, 82.33333333333333, True), 11355: (98.75, 98.75, True), 11452: (74.91666666666667, 74.91666666666667, True), 11700: (83.0, 83.0, True), 11892: (73.75, 73.75, True), 12340: (87.91666666666667, 87.91666666666667, True), 12402: (73.91666666666667, 73.91666666666667, True), 12410: (76.0, 76.0, True), 12818: (105.66666666666667, 105.66666666666667, True), 12979: (83.16666666666667, 83.16666666666667, True), 13054: (85.66666666666667, 85.66666666666667, True), 13231: (75.33333333333333, 73.0, False), 13234: (89.16666666666667, 73.0, False), 13297: (79.33333333333333, 79.33333333333333, True), 13386: (82.5, 82.5, True), 13407: (82.0, 82.0, True), 13596: (71.83333333333333, 71.83333333333333, True), 13606: (84.83333333333333, 84.83333333333333, True), 13688: (81.0, 81.0, True), 13889: (74.83333333333333, 74.83333333333333, True), 14099: (91.5, 91.5, True), 14241: (86.75, 86.75, True), 14323: (90.08333333333333, 90.08333333333333, True), 14375: (75.58333333333333, 75.58333333333333, True), 14387: (81.58333333333333, 80.0, False), 14586: (90.75, 90.75, True), 14704: (79.8, 79.0, False), 14705: (64.0, 64.0, True), 14709: (76.25, 76.25, True), 14959: (84.08333333333333, 84.08333333333333, True), 15131: (91.5, 91.5, True), 15163: (85.75, 85.75, True), 15305: (77.75, 77.75, True), 15397: (89.0, 89.0, True), 16234: (93.83333333333333, 93.83333333333333, True), 16312: (100.08333333333333, 100.08333333333333, True), 16338: (92.0, 92.0, True), 16389: (77.41666666666667, 77.41666666666667, True), 16659: (88.83333333333333, 88.83333333333333, True), 16783: (79.91666666666667, 79.91666666666667, True), 16913: (94.16666666666667, 94.16666666666667, True), 17230: (71.58333333333333, 71.58333333333333, True), 17358: (87.58333333333333, 87.58333333333333, True), 17857: (73.25, 73.25, True), 17946: (93.0, 93.0, True), 17950: (86.16666666666667, 86.16666666666667, True), 17979: (93.08333333333333, 93.08333333333333, True), 18115: (83.33333333333333, 83.33333333333333, True), 18116: (77.5, 77.5, True), 18353: (103.33333333333333, 103.33333333333333, True), 18869: (83.58333333333333, 83.58333333333333, True), 19178: (87.16666666666667, 87.16666666666667, True), 19194: (87.0, 87.0, True), 19371: (82.33333333333333, 82.33333333333333, True), 19424: (91.0, 91.0, True), 19720: (91.33333333333333, 91.33333333333333, True), 19843: (86.14285714285714, 86.14285714285714, True), 19976: (78.75, 78.75, True), 20004: (90.5, 90.5, True), 20045: (95.6, 81.0, False), 20103: (96.0, 99.0, False), 20151: (86.66666666666667, 67.0, False), 20152: (83.33333333333333, 67.0, False), 20341: (84.16666666666667, 84.16666666666667, True), 20776: (89.25, 89.25, True), 20787: (90.41666666666667, 88.41666666666667, False), 20963: (84.25, 84.25, True), 21385: (70.83333333333333, 70.83333333333333, True), 21458: (86.08333333333333, 86.08333333333333, True), 21609: (89.25, 89.0, False), 21820: (89.5, 89.5, True), 21925: (83.5, 83.5, True), 21983: (82.83333333333333, 82.83333333333333, True), 22195: (77.83333333333333, 77.83333333333333, True), 22549: (91.0, 91.0, True), 22909: (94.08333333333333, 94.08333333333333, True), 22987: (71.08333333333333, 71.08333333333333, True), 22993: (87.625, 87.625, True), 23090: (81.33333333333333, 81.33333333333333, True), 23246: (83.0, 83.0, True), 23527: (77.83333333333333, 77.83333333333333, True), 23753: (87.33333333333333, 87.33333333333333, True), 24156: (84.11111111111111, 84.11111111111111, True), 24195: (93.91666666666667, 93.91666666666667, True), 24629: (86.58333333333333, 86.58333333333333, True), 24681: (76.83333333333333, 76.83333333333333, True), 24722: (78.58333333333333, 78.58333333333333, True), 24959: (86.36363636363636, 86.36363636363636, True), 25152: (79.25, 79.25, True), 25512: (85.0, 85.0, True), 25513: (85.0, 85.0, True), 25636: (86.5, 86.5, True), 25677: (81.83333333333333, 81.83333333333333, True), 25898: (89.625, 89.625, True), 26064: (98.08333333333333, 98.08333333333333, True), 26103: (79.08333333333333, 79.08333333333333, True), 26137: (93.5, 93.5, True), 26141: (83.5, 83.5, True), 26191: (88.25, 88.25, True), 26247: (80.25, 80.25, True), 26310: (82.0, 75.0, False), 26313: (82.0, 75.0, False), 26364: (91.25, 91.25, True), 26484: (91.66666666666667, 91.66666666666667, True), 26575: (95.0, 95.0, True), 26579: (77.66666666666667, 77.66666666666667, True), 26833: (81.83333333333333, 81.83333333333333, True), 27037: (95.08333333333333, 89.0, False), 27084: (84.25, 84.25, True), 27221: (97.66666666666667, 97.66666666666667, True), 27292: (69.0, 69.0, True), 27312: (85.33333333333333, 85.33333333333333, True), 27363: (87.16666666666667, 87.16666666666667, True), 27431: (79.0, 79.0, True), 27551: (82.25, 82.25, True), 27782: (103.25, 103.25, True), 27792: (78.08333333333333, 78.08333333333333, True), 28127: (91.58333333333333, 88.6, False), 28200: (85.58333333333333, 85.58333333333333, True), 28247: (74.66666666666667, 74.66666666666667, True), 28447: (78.16666666666667, 73.0, False), 28458: (82.16666666666667, 73.0, False), 28796: (82.5, 82.5, True), 28843: (82.58333333333333, 82.58333333333333, True), 28885: (74.33333333333333, 74.33333333333333, True), 29172: (85.5, 85.5, True), 29229: (93.5, 93.5, True), 29333: (82.58333333333333, 82.58333333333333, True), 29513: (96.83333333333333, 110.0, False), 29662: (99.58333333333333, 99.58333333333333, True), 30092: (78.16666666666667, 78.16666666666667, True), 30306: (103.75, 103.75, True), 30372: (71.08333333333333, 71.08333333333333, True), 30695: (79.83333333333333, 79.83333333333333, True), 30961: (95.91666666666667, 95.91666666666667, True), 31236: (83.5, 83.5, True), 31247: (77.0, 77.0, True), 31660: (81.16666666666667, 81.16666666666667, True), 31922: (80.5, 80.5, True), 32046: (70.33333333333333, 70.33333333333333, True), 32058: (83.58333333333333, 83.58333333333333, True), 32116: (86.66666666666667, 86.66666666666667, True), 32169: (75.5, 75.5, True), 32425: (81.5, 81.5, True), 32763: (79.25, 79.25, True), 32788: (90.75, 70.0, False), 32814: (99.91666666666667, 70.0, False), 32946: (92.41666666666667, 92.41666666666667, True), 33046: (80.25, 80.25, True), 33082: (84.16666666666667, 84.16666666666667, True), 33306: (79.0, 79.0, True), 33447: (94.0, 94.0, True), 33534: (87.25, 87.25, True), 33603: (88.83333333333333, 88.83333333333333, True), 33682: (78.25, 78.25, True), 33948: (79.8, 79.8, True), 34068: (95.33333333333333, 114.0, False), 34264: (83.66666666666667, 82.0, False), 34277: (84.0, 82.0, False), 34282: (93.58333333333333, 93.58333333333333, True), 34305: (82.5, 82.5, True), 34631: (83.83333333333333, 83.83333333333333, True), 34674: (76.0, 76.0, True), 34675: (76.0, 76.0, True), 35311: (97.5, 97.5, True), 35441: (79.0, 79.0, True), 35511: (83.625, 83.625, True), 35554: (97.5, 100.33333333333333, False), 36023: (97.3, 97.3, True), 36219: (83.08333333333333, 83.08333333333333, True), 36268: (84.08333333333333, 84.08333333333333, True), 36507: (83.0, 83.0, True), 36635: (76.25, 76.25, True), 36711: (75.66666666666667, 75.66666666666667, True), 36795: (96.58333333333333, 96.58333333333333, True), 36829: (88.58333333333333, 88.58333333333333, True), 36886: (79.08333333333333, 79.08333333333333, True), 37193: (96.66666666666667, 96.66666666666667, True), 37207: (80.91666666666667, 80.91666666666667, True), 37246: (82.41666666666667, 82.41666666666667, True), 37273: (95.25, 95.25, True), 37812: (81.0, 81.0, True), 37878: (81.33333333333333, 81.33333333333333, True), 38325: (84.33333333333333, 84.33333333333333, True), 38632: (91.91666666666667, 91.91666666666667, True), 38689: (78.58333333333333, 78.58333333333333, True), 38778: (77.5, 77.5, True), 38851: (83.66666666666667, 83.66666666666667, True), 39496: (86.41666666666667, 86.41666666666667, True), 39753: (76.58333333333333, 76.58333333333333, True), 39875: (92.25, 92.25, True), 39890: (81.66666666666667, 81.66666666666667, True), 40170: (87.0, 87.0, True), 40528: (96.91666666666667, 95.0, False), 40979: (86.91666666666667, 86.91666666666667, True), 41028: (84.54545454545455, 84.54545454545455, True), 41376: (93.58333333333333, 93.58333333333333, True), 41572: (89.5, 89.5, True), 41578: (90.44444444444444, 90.44444444444444, True), 41769: (99.41666666666667, 99.41666666666667, True), 42052: (81.83333333333333, 81.83333333333333, True), 42127: (76.91666666666667, 75.0, False), 42145: (78.41666666666667, 75.0, False), 42252: (80.0, 80.0, True), 42554: (84.25, 84.25, True), 42604: (61.333333333333336, 61.333333333333336, True), 42911: (84.91666666666667, 71.0, False), 42914: (80.08333333333333, 71.0, False), 43241: (89.33333333333333, 87.0, True), 43246: (97.0, 87.0, False), 43253: (83.7, 83.7, True), 43623: (84.0, 84.0, True), 43629: (78.83333333333333, 78.83333333333333, True), 43913: (79.08333333333333, 79.08333333333333, True), 44143: (101.33333333333333, 94.0, False), 44266: (86.66666666666667, 86.66666666666667, True), 44300: (81.0, 81.0, True), 44687: (85.0, 85.0, True), 44688: (85.0, 85.0, True), 44729: (103.58333333333333, 91.0, False), 44745: (76.75, 76.75, True), 44955: (80.0, 80.0, True), 45647: (79.33333333333333, 79.33333333333333, True), 46065: (87.83333333333333, 87.83333333333333, True), 46186: (91.66666666666667, 91.66666666666667, True), 46253: (85.16666666666667, 85.16666666666667, True), 46258: (85.66666666666667, 85.66666666666667, True), 46455: (87.33333333333333, 87.33333333333333, True), 46643: (85.83333333333333, 85.83333333333333, True), 46955: (89.66666666666667, 89.66666666666667, True), 47267: (79.58333333333333, 79.58333333333333, True), 47439: (80.16666666666667, 80.16666666666667, True), 47475: (75.54545454545455, 75.54545454545455, True), 47643: (86.08333333333333, 86.08333333333333, True), 47703: (84.33333333333333, 84.33333333333333, True), 47900: (81.08333333333333, 81.08333333333333, True), 48031: (84.08333333333333, 84.08333333333333, True), 48470: (80.16666666666667, 80.16666666666667, True), 48520: (80.5, 80.5, True), 48616: (75.83333333333333, 75.83333333333333, True), 48776: (94.08333333333333, 94.08333333333333, True), 49015: (85.08333333333333, 85.08333333333333, True), 49069: (74.33333333333333, 74.33333333333333, True), 49456: (79.58333333333333, 79.58333333333333, True), 49462: (89.08333333333333, 84.0, False), 49493: (86.75, 86.75, True), 49906: (66.41666666666667, 66.41666666666667, True), 49919: (112.0, 110.25, False), 49920: (112.0, 109.41666666666667, False), 50633: (74.71428571428571, 74.71428571428571, True), 50881: (79.75, 79.75, True), 51160: (84.75, 84.75, True), 51187: (102.25, 102.25, True), 51318: (92.16666666666667, 92.16666666666667, True), 51456: (80.0, 80.0, True), 51488: (84.5, 84.5, True), 51559: (72.75, 72.75, True), 51633: (80.75, 80.75, True), 51662: (85.08333333333333, 85.08333333333333, True), 51692: (95.5, 95.5, True), 51887: (72.71428571428571, 72.71428571428571, True), 52429: (96.14285714285714, 96.14285714285714, True), 52789: (78.41666666666667, 78.41666666666667, True), 52827: (91.33333333333333, 91.33333333333333, True), 53150: (88.41666666666667, 88.41666666666667, True), 53213: (86.28571428571429, 86.28571428571429, True), 53236: (84.0, 84.0, True), 53362: (102.5, 100.0, False), 53423: (79.33333333333333, 79.33333333333333, True), 53434: (90.58333333333333, 90.58333333333333, True), 53472: (92.08333333333333, 92.08333333333333, True), 53529: (93.08333333333333, 93.08333333333333, True), 53691: (91.41666666666667, 91.41666666666667, True), 53874: (86.83333333333333, 86.83333333333333, True), 53910: (77.66666666666667, 77.66666666666667, True), 53963: (91.58333333333333, 91.58333333333333, True), 54363: (94.5, 94.5, True), 54407: (88.0, 88.0, True), 54456: (89.5, 89.5, True), 54480: (79.66666666666667, 79.66666666666667, True), 54934: (81.75, 81.75, True), 54973: (77.75, 77.75, True), 55212: (89.4, 89.4, True), 55316: (79.08333333333333, 79.08333333333333, True), 55464: (72.83333333333333, 72.83333333333333, True), 55763: (76.16666666666667, 66.0, False), 55766: (73.66666666666667, 66.0, False), 56033: (87.41666666666667, 87.41666666666667, True), 56106: (82.91666666666667, 81.85714285714286, False), 56143: (78.0, 78.0, True), 56196: (86.66666666666667, 86.66666666666667, True), 56561: (98.16666666666667, 94.0, False), 56686: (81.0, 81.0, True), 56862: (73.75, 73.75, True), 57054: (90.58333333333333, 90.58333333333333, True), 57069: (92.41666666666667, 90.0, False), 57339: (87.16666666666667, 87.16666666666667, True), 57457: (84.66666666666667, 84.66666666666667, True), 57538: (93.16666666666667, 93.16666666666667, True), 57935: (82.08333333333333, 82.08333333333333, True), 58096: (81.66666666666667, 81.66666666666667, True), 58167: (83.16666666666667, 83.16666666666667, True), 58403: (98.91666666666667, 100.0, False), 59295: (76.16666666666667, 76.16666666666667, True), 59764: (85.5, 85.5, True), 59826: (83.08333333333333, 83.08333333333333, True), 59964: (83.08333333333333, 79.83333333333333, False), 59999: (79.33333333333333, 79.33333333333333, True), 60354: (89.58333333333333, 89.58333333333333, True), 60826: (99.25, 99.25, True), 60883: (72.75, 72.75, True), 61046: (79.58333333333333, 79.58333333333333, True), 61093: (99.0, 99.0, True), 61338: (93.58333333333333, 93.58333333333333, True), 61568: (80.0, 80.0, True), 61704: (81.66666666666667, 81.66666666666667, True), 61717: (77.0, 77.0, True), 61788: (86.41666666666667, 86.41666666666667, True), 62621: (87.75, 87.75, True), 62777: (85.0, 85.0, True), 62883: (83.08333333333333, 83.08333333333333, True), 63504: (76.16666666666667, 76.16666666666667, True), 63583: (92.4, 92.4, True), 63644: (89.08333333333333, 89.08333333333333, True), 63801: (98.91666666666667, 98.91666666666667, True), 64051: (81.16666666666667, 81.16666666666667, True), 64059: (74.5, 74.5, True), 64106: (81.0, 81.0, True), 64208: (75.5, 75.5, True), 64541: (85.0, 85.0, True), 64660: (79.5, 77.0, False), 64689: (94.41666666666667, 94.41666666666667, True), 64708: (82.58333333333333, 82.58333333333333, True), 64721: (91.33333333333333, 91.33333333333333, True), 65315: (84.5, 84.5, True), 65345: (93.16666666666667, 93.16666666666667, True), 65367: (88.0, 88.0, True), 65497: (93.25, 93.25, True), 65776: (83.0, 83.0, True), 65866: (84.0, 84.0, True), 65867: (84.0, 84.0, True), 66343: (93.58333333333333, 93.58333333333333, True), 66458: (94.58333333333333, 94.58333333333333, True), 66528: (74.33333333333333, 74.33333333333333, True), 66534: (88.16666666666667, 88.16666666666667, True), 66546: (94.0, 94.0, True), 66647: (96.33333333333333, 96.33333333333333, True), 66686: (86.08333333333333, 86.08333333333333, True), 66729: (89.41666666666667, 89.41666666666667, True), 66832: (73.0, 73.0, True), 66854: (87.66666666666667, 87.66666666666667, True), 67132: (89.5, 89.5, True), 67582: (88.25, 88.25, True), 67874: (89.16666666666667, 89.16666666666667, True), 67989: (82.0, 82.0, True), 67990: (82.0, 82.0, True), 68089: (86.16666666666667, 86.16666666666667, True), 68124: (82.58333333333333, 82.58333333333333, True), 68342: (85.44444444444444, 85.44444444444444, True), 68654: (85.66666666666667, 85.66666666666667, True), 68733: (89.75, 89.75, True), 68762: (96.5, 91.0, False), 69070: (81.41666666666667, 81.41666666666667, True), 69233: (77.91666666666667, 77.91666666666667, True), 69369: (76.5, 76.5, True), 69527: (91.66666666666667, 91.66666666666667, True), 69588: (80.58333333333333, 80.58333333333333, True), 69626: (84.33333333333333, 84.33333333333333, True), 69643: (88.83333333333333, 88.83333333333333, True), 70577: (96.75, 96.75, True), 70598: (87.25, 87.25, True), 70611: (92.83333333333333, 92.83333333333333, True), 70693: (97.25, 105.0, False), 70915: (80.33333333333333, 80.33333333333333, True), 71052: (86.66666666666667, 86.66666666666667, True), 71271: (91.66666666666667, 91.66666666666667, True), 71677: (73.08333333333333, 73.08333333333333, True), 71849: (92.33333333333333, 92.33333333333333, True), 72053: (76.27272727272727, 76.27272727272727, True), 72144: (69.5, 69.5, True), 72330: (82.66666666666667, 82.66666666666667, True), 72409: (88.58333333333333, 88.58333333333333, True), 72506: (85.72727272727273, 85.72727272727273, True), 72679: (80.25, 80.25, True), 72737: (65.91666666666667, 65.91666666666667, True), 72794: (83.91666666666667, 82.0, False), 72803: (67.58333333333333, 67.58333333333333, True), 72884: (76.33333333333333, 76.33333333333333, True), 73025: (82.75, 82.75, True), 73067: (89.33333333333333, 89.33333333333333, True), 73372: (87.08333333333333, 87.08333333333333, True), 73572: (99.5, 99.5, True), 73610: (96.0, 107.0, False), 73710: (82.33333333333333, 82.33333333333333, True), 73729: (68.66666666666667, 68.66666666666667, True), 19659: (86.25, 86.25, True)}
len(ham_dist_candidates_and_origins)=473
number of corrects: 422
mean of corrects ham dist: 83.84597156398104
max ham dist of corrects: 105.66666666666667
number of incorrects: 51
mean of incorrects ham dist: 86.03921568627452
min ham dist of incorrects: 66.0
mean of origin incorrects ham dist: 90.05882352941177
singleton id: 2510 ; true_algo_ham_mean: 103.0 ; origin_ham_mean: 0 ; guessed index: AAACGC ; singleton index: AAGGCA

singleton id: 2511 ; true_algo_ham_mean: 103.0 ; origin_ham_mean: 0 ; guessed index: AAGGCA ; singleton index: AAACGC

singleton id: 20045 ; true_algo_ham_mean: 95.6 ; origin_ham_mean: 82.0 ; guessed index: ATAGGG ; singleton index: AATAGC

singleton id: 20103 ; true_algo_ham_mean: 96.0 ; origin_ham_mean: 75.63636363636364 ; guessed index: ATAGGG ; singleton index: AGCTGC

singleton id: 29513 ; true_algo_ham_mean: 96.83333333333333 ; origin_ham_mean: 66.63636363636364 ; guessed index: CAGGGG ; singleton index: TCAGGC

singleton id: 32814 ; true_algo_ham_mean: 99.91666666666667 ; origin_ham_mean: 79.45454545454545 ; guessed index: CCAGGA ; singleton index: GGCCAA

singleton id: 34068 ; true_algo_ham_mean: 95.33333333333333 ; origin_ham_mean: 66.9090909090909 ; guessed index: CCCCTT ; singleton index: TCCCCA

singleton id: 35554 ; true_algo_ham_mean: 97.5 ; origin_ham_mean: 73.18181818181819 ; guessed index: CCGCGG ; singleton index: CCCGCC

singleton id: 43246 ; true_algo_ham_mean: 97.0 ; origin_ham_mean: 76.36363636363636 ; guessed index: CGTCAA ; singleton index: CTCAGG

singleton id: 49919 ; true_algo_ham_mean: 112.0 ; origin_ham_mean: 0 ; guessed index: CCTTCG ; singleton index: CTTTAT

singleton id: 49920 ; true_algo_ham_mean: 112.0 ; origin_ham_mean: 0 ; guessed index: CTTTAT ; singleton index: CCTTCG

singleton id: 53362 ; true_algo_ham_mean: 102.5 ; origin_ham_mean: 77.0 ; guessed index: GACCCT ; singleton index: GAGGCA

singleton id: 56561 ; true_algo_ham_mean: 98.16666666666667 ; origin_ham_mean: 79.36363636363636 ; guessed index: GAATGC ; singleton index: TGTAGT

singleton id: 58403 ; true_algo_ham_mean: 98.91666666666667 ; origin_ham_mean: 77.45454545454545 ; guessed index: GCCTTG ; singleton index: GCACTA

singleton id: 70693 ; true_algo_ham_mean: 97.25 ; origin_ham_mean: 82.27272727272727 ; guessed index: GTATAG ; singleton index: CGTATC

singleton id: 73610 ; true_algo_ham_mean: 96.0 ; origin_ham_mean: 94.0 ; guessed index: GGTGGT ; singleton index: GTGATG

singleton=6320; {'origin_mean_ham': 93.0, 'min_mean_ham': 92.0, 'diff': 1.0, 'origin_guessed_index': 'AATTTT', 'winner_guessed_index': 'AAGTTG', 'the singleton index': 'AAATTT', 'origin_ed': 1, 'winner_ed': 2, 'diff_ed': 1, 'diff_jacc': 66.66666666666666, 'diff_GPM': 16.666666666666686}

singleton=6323; {'origin_mean_ham': 94.33333333333333, 'min_mean_ham': 92.0, 'diff': 2.3333333333333286, 'origin_guessed_index': 'AATTTT', 'winner_guessed_index': 'AAATTT', 'the singleton index': 'AAGTTG', 'origin_ed': 2, 'winner_ed': 2, 'diff_ed': 0, 'diff_jacc': 0.0, 'diff_GPM': 0.0}

singleton=13231; {'origin_mean_ham': 75.33333333333333, 'min_mean_ham': 73.0, 'diff': 2.3333333333333286, 'origin_guessed_index': 'AGACGC', 'winner_guessed_index': 'AAACGC', 'the singleton index': 'AGACGC', 'origin_ed': 0, 'winner_ed': 1, 'diff_ed': 1, 'diff_jacc': 50.0, 'diff_GPM': 16.666666666666657}

singleton=13234; {'origin_mean_ham': 89.16666666666667, 'min_mean_ham': 73.0, 'diff': 16.16666666666667, 'origin_guessed_index': 'AGACGC', 'winner_guessed_index': 'AGACGC', 'the singleton index': 'AAACGC', 'origin_ed': 1, 'winner_ed': 1, 'diff_ed': 0, 'diff_jacc': 0.0, 'diff_GPM': 0.0}

singleton=14387; {'origin_mean_ham': 81.58333333333333, 'min_mean_ham': 80.0, 'diff': 1.5833333333333286, 'origin_guessed_index': 'AGCAGG', 'winner_guessed_index': 'AGCAGA', 'the singleton index': 'GGCAGA', 'origin_ed': 2, 'winner_ed': 1, 'diff_ed': -1, 'diff_jacc': 0.0, 'diff_GPM': 16.666666666666657}

singleton=14704; {'origin_mean_ham': 79.8, 'min_mean_ham': 79.0, 'diff': 0.7999999999999972, 'origin_guessed_index': 'AGCCCA', 'winner_guessed_index': 'AGCCCA', 'the singleton index': 'AGCCCA', 'origin_ed': 0, 'winner_ed': 0, 'diff_ed': 0, 'diff_jacc': 0.0, 'diff_GPM': 0.0}

singleton=20151; {'origin_mean_ham': 86.66666666666667, 'min_mean_ham': 67.0, 'diff': 19.66666666666667, 'origin_guessed_index': 'ATAGGT', 'winner_guessed_index': 'ATAGGT', 'the singleton index': 'AATGGT', 'origin_ed': 2, 'winner_ed': 2, 'diff_ed': 0, 'diff_jacc': 0.0, 'diff_GPM': 0.0}

singleton=20152; {'origin_mean_ham': 83.33333333333333, 'min_mean_ham': 67.0, 'diff': 16.33333333333333, 'origin_guessed_index': 'ATAGGT', 'winner_guessed_index': 'AATGGT', 'the singleton index': 'ATAGGT', 'origin_ed': 0, 'winner_ed': 2, 'diff_ed': 2, 'diff_jacc': 57.142857142857146, 'diff_GPM': 0.0}

singleton=20787; {'origin_mean_ham': 90.41666666666667, 'min_mean_ham': 88.41666666666667, 'diff': 2.0, 'origin_guessed_index': 'ATCACC', 'winner_guessed_index': 'ATCCCC', 'the singleton index': 'GATCAC', 'origin_ed': 2, 'winner_ed': 3, 'diff_ed': 1, 'diff_jacc': 33.333333333333336, 'diff_GPM': 16.666666666666686}

singleton=21609; {'origin_mean_ham': 89.25, 'min_mean_ham': 89.0, 'diff': 0.25, 'origin_guessed_index': 'ATCGGA', 'winner_guessed_index': 'AGCCTC', 'the singleton index': 'ATCCGG', 'origin_ed': 2, 'winner_ed': 3, 'diff_ed': 1, 'diff_jacc': 41.66666666666667, 'diff_GPM': 0.0}

singleton=26310; {'origin_mean_ham': 82.0, 'min_mean_ham': 75.0, 'diff': 7.0, 'origin_guessed_index': 'CAAGGC', 'winner_guessed_index': 'CGAAGT', 'the singleton index': 'CAAGCG', 'origin_ed': 2, 'winner_ed': 3, 'diff_ed': 1, 'diff_jacc': 23.809523809523817, 'diff_GPM': 16.666666666666657}

singleton=26313; {'origin_mean_ham': 82.0, 'min_mean_ham': 75.0, 'diff': 7.0, 'origin_guessed_index': 'CAAGGC', 'winner_guessed_index': 'CAAGCG', 'the singleton index': 'CGAAGT', 'origin_ed': 3, 'winner_ed': 3, 'diff_ed': 0, 'diff_jacc': -17.857142857142854, 'diff_GPM': 0.0}

singleton=27037; {'origin_mean_ham': 95.08333333333333, 'min_mean_ham': 89.0, 'diff': 6.083333333333329, 'origin_guessed_index': 'CACACC', 'winner_guessed_index': 'CACACC', 'the singleton index': 'CACACC', 'origin_ed': 0, 'winner_ed': 0, 'diff_ed': 0, 'diff_jacc': 0.0, 'diff_GPM': 0.0}

singleton=28127; {'origin_mean_ham': 91.58333333333333, 'min_mean_ham': 88.6, 'diff': 2.9833333333333343, 'origin_guessed_index': 'CACTAG', 'winner_guessed_index': 'CACTAG', 'the singleton index': 'GCACTA', 'origin_ed': 2, 'winner_ed': 2, 'diff_ed': 0, 'diff_jacc': 0.0, 'diff_GPM': 0.0}

singleton=28447; {'origin_mean_ham': 78.16666666666667, 'min_mean_ham': 73.0, 'diff': 5.166666666666671, 'origin_guessed_index': 'CACTTA', 'winner_guessed_index': 'CACTTA', 'the singleton index': 'CACTTA', 'origin_ed': 0, 'winner_ed': 0, 'diff_ed': 0, 'diff_jacc': 0.0, 'diff_GPM': 0.0}

singleton=28458; {'origin_mean_ham': 82.16666666666667, 'min_mean_ham': 73.0, 'diff': 9.166666666666671, 'origin_guessed_index': 'CACTTA', 'winner_guessed_index': 'CACTTA', 'the singleton index': 'CACTTA', 'origin_ed': 0, 'winner_ed': 0, 'diff_ed': 0, 'diff_jacc': 0.0, 'diff_GPM': 0.0}

singleton=32788; {'origin_mean_ham': 90.75, 'min_mean_ham': 70.0, 'diff': 20.75, 'origin_guessed_index': 'CCAGGA', 'winner_guessed_index': 'GGCCAA', 'the singleton index': 'CCCCGG', 'origin_ed': 3, 'winner_ed': 4, 'diff_ed': 1, 'diff_jacc': 0.0, 'diff_GPM': 0.0}

singleton=34264; {'origin_mean_ham': 83.66666666666667, 'min_mean_ham': 82.0, 'diff': 1.6666666666666714, 'origin_guessed_index': 'CCCGCG', 'winner_guessed_index': 'CCCCCG', 'the singleton index': 'CCCTCG', 'origin_ed': 1, 'winner_ed': 1, 'diff_ed': 0, 'diff_jacc': -10.0, 'diff_GPM': 0.0}

singleton=34277; {'origin_mean_ham': 84.0, 'min_mean_ham': 82.0, 'diff': 2.0, 'origin_guessed_index': 'CCCGCG', 'winner_guessed_index': 'CCCTCG', 'the singleton index': 'CCCCCG', 'origin_ed': 1, 'winner_ed': 1, 'diff_ed': 0, 'diff_jacc': 16.66666666666667, 'diff_GPM': 0.0}

singleton=40528; {'origin_mean_ham': 96.91666666666667, 'min_mean_ham': 95.0, 'diff': 1.9166666666666714, 'origin_guessed_index': 'CGCGCC', 'winner_guessed_index': 'CAACGG', 'the singleton index': 'CGCGCC', 'origin_ed': 0, 'winner_ed': 4, 'diff_ed': 4, 'diff_jacc': 87.5, 'diff_GPM': 33.33333333333334}

singleton=42127; {'origin_mean_ham': 76.91666666666667, 'min_mean_ham': 75.0, 'diff': 1.9166666666666714, 'origin_guessed_index': 'CGGGGC', 'winner_guessed_index': 'CGGGGC', 'the singleton index': 'CGGAGG', 'origin_ed': 2, 'winner_ed': 2, 'diff_ed': 0, 'diff_jacc': 0.0, 'diff_GPM': 0.0}

singleton=42145; {'origin_mean_ham': 78.41666666666667, 'min_mean_ham': 75.0, 'diff': 3.4166666666666714, 'origin_guessed_index': 'CGGGGC', 'winner_guessed_index': 'CGGAGG', 'the singleton index': 'CGGGGC', 'origin_ed': 0, 'winner_ed': 2, 'diff_ed': 2, 'diff_jacc': 60.0, 'diff_GPM': 16.666666666666657}

singleton=42911; {'origin_mean_ham': 84.91666666666667, 'min_mean_ham': 71.0, 'diff': 13.916666666666671, 'origin_guessed_index': 'CGTACG', 'winner_guessed_index': 'TTGTAC', 'the singleton index': 'CGTACG', 'origin_ed': 0, 'winner_ed': 3, 'diff_ed': 3, 'diff_jacc': 57.142857142857146, 'diff_GPM': 33.33333333333334}

singleton=42914; {'origin_mean_ham': 80.08333333333333, 'min_mean_ham': 71.0, 'diff': 9.083333333333329, 'origin_guessed_index': 'CGTACG', 'winner_guessed_index': 'CGTACG', 'the singleton index': 'TTGTAC', 'origin_ed': 3, 'winner_ed': 3, 'diff_ed': 0, 'diff_jacc': 0.0, 'diff_GPM': 0.0}

singleton=44143; {'origin_mean_ham': 101.33333333333333, 'min_mean_ham': 94.0, 'diff': 7.333333333333329, 'origin_guessed_index': 'CGTTTC', 'winner_guessed_index': 'AGACGA', 'the singleton index': 'CGTTCA', 'origin_ed': 2, 'winner_ed': 4, 'diff_ed': 2, 'diff_jacc': 67.5, 'diff_GPM': 33.33333333333334}

singleton=44729; {'origin_mean_ham': 103.58333333333333, 'min_mean_ham': 91.0, 'diff': 12.583333333333329, 'origin_guessed_index': 'CTAAAG', 'winner_guessed_index': 'ATGTAC', 'the singleton index': 'CTAAGG', 'origin_ed': 1, 'winner_ed': 5, 'diff_ed': 4, 'diff_jacc': 68.88888888888889, 'diff_GPM': 0.0}

singleton=49462; {'origin_mean_ham': 89.08333333333333, 'min_mean_ham': 84.0, 'diff': 5.083333333333329, 'origin_guessed_index': 'CTTACT', 'winner_guessed_index': 'GCTTAC', 'the singleton index': 'TTTACT', 'origin_ed': 1, 'winner_ed': 3, 'diff_ed': 2, 'diff_jacc': 20.0, 'diff_GPM': 16.666666666666686}

singleton=55763; {'origin_mean_ham': 76.16666666666667, 'min_mean_ham': 66.0, 'diff': 10.166666666666671, 'origin_guessed_index': 'GATACC', 'winner_guessed_index': 'GATACC', 'the singleton index': 'GTTACA', 'origin_ed': 2, 'winner_ed': 2, 'diff_ed': 0, 'diff_jacc': 0.0, 'diff_GPM': 0.0}

singleton=55766; {'origin_mean_ham': 73.66666666666667, 'min_mean_ham': 66.0, 'diff': 7.666666666666671, 'origin_guessed_index': 'GATACC', 'winner_guessed_index': 'GTTACA', 'the singleton index': 'GATACC', 'origin_ed': 0, 'winner_ed': 2, 'diff_ed': 2, 'diff_jacc': 75.0, 'diff_GPM': 16.666666666666657}

singleton=56106; {'origin_mean_ham': 82.91666666666667, 'min_mean_ham': 81.85714285714286, 'diff': 1.0595238095238102, 'origin_guessed_index': 'GAATCA', 'winner_guessed_index': 'GATCAA', 'the singleton index': 'GATCAG', 'origin_ed': 2, 'winner_ed': 1, 'diff_ed': -1, 'diff_jacc': 0.0, 'diff_GPM': 0.0}

singleton=57069; {'origin_mean_ham': 92.41666666666667, 'min_mean_ham': 90.0, 'diff': 2.4166666666666714, 'origin_guessed_index': 'GATTGA', 'winner_guessed_index': 'AGATCA', 'the singleton index': 'GTACTT', 'origin_ed': 4, 'winner_ed': 5, 'diff_ed': 1, 'diff_jacc': 12.5, 'diff_GPM': 0.0}

singleton=59964; {'origin_mean_ham': 83.08333333333333, 'min_mean_ham': 79.83333333333333, 'diff': 3.25, 'origin_guessed_index': 'GCCCTT', 'winner_guessed_index': 'GCCTTT', 'the singleton index': 'GCCTTC', 'origin_ed': 2, 'winner_ed': 1, 'diff_ed': -1, 'diff_jacc': 0.0, 'diff_GPM': 16.666666666666657}

singleton=64660; {'origin_mean_ham': 79.5, 'min_mean_ham': 77.0, 'diff': 2.5, 'origin_guessed_index': 'GGATGT', 'winner_guessed_index': 'GGATGT', 'the singleton index': 'AGGATG', 'origin_ed': 2, 'winner_ed': 2, 'diff_ed': 0, 'diff_jacc': 0.0, 'diff_GPM': 0.0}

singleton=68762; {'origin_mean_ham': 96.5, 'min_mean_ham': 91.0, 'diff': 5.5, 'origin_guessed_index': 'GGTGTC', 'winner_guessed_index': 'CTAAGG', 'the singleton index': 'GGTGTC', 'origin_ed': 0, 'winner_ed': 6, 'diff_ed': 6, 'diff_jacc': 88.88888888888889, 'diff_GPM': 33.33333333333334}

singleton=72794; {'origin_mean_ham': 83.91666666666667, 'min_mean_ham': 82.0, 'diff': 1.9166666666666714, 'origin_guessed_index': 'GTGCAC', 'winner_guessed_index': 'GTGCAC', 'the singleton index': 'CGTGCA', 'origin_ed': 2, 'winner_ed': 2, 'diff_ed': 0, 'diff_jacc': 0.0, 'diff_GPM': 0.0}

sorted(diff_ed_dict.items(), reverse=False, key=lambda x: x[0])=[(-1, 3), (0, 16), (1, 7), (2, 5), (3, 1), (4, 2), (6, 1)]
sorted(diff_jac_dict.items(), reverse=True, key=lambda x: x[0])=[(88.88888888888889, 1), (87.5, 1), (75.0, 1), (68.88888888888889, 1), (67.5, 1), (66.66666666666666, 1), (60.0, 1), (57.142857142857146, 2), (50.0, 1), (41.66666666666667, 1), (33.333333333333336, 1), (23.809523809523817, 1), (20.0, 1), (16.66666666666667, 1), (12.5, 1), (0.0, 17), (-10.0, 1), (-17.857142857142854, 1)]
sorted(diff_gpm_dict.items(), reverse=True, key=lambda x: x[0])=[(33.33333333333334, 4), (16.666666666666686, 3), (16.666666666666657, 6), (0.0, 22)]
[19, 17, 16, 14, 14, 14, 13, 13, 13, 12, 11, 10, 10, 10, 9, 9, 8, 8, 8, 7, 7, 7, 6, 6, 5, 5, 5, 5, 5, 4, 4, 4, 4, 4, 4, 4, 4, 4, 3, 3, 3, 3, 3, 3, 3, 3, 3, 3, 3, 3, 3, 2, 2, 2, 2, 2, 2, 2, 2, 2, 2, 2, 2, 2, 2, 2, 2, 2, 2, 2, 2, 2, 2, 2, 2, 2, 2, 2, 2, 2, 2, 2, 2, 2, 2, 2, 2, 2, 2, 2, 2, 2, 2, 2, 2, 2, 2, 2, 2, 2, 2, 2, 2, 2, 2, 2, 2, 2, 2, 2, 1, 1, 1, 1, 1, 1, 1, 1, 1, 1, 1, 1, 1, 1, 1, 1, 1, 1, 1, 1, 1, 1, 1, 1, 1, 1, 1, 1, 1, 1, 1, 1, 1, 1, 1, 1, 1, 1, 1, 1, 1, 1, 1, 1, 1, 1, 1, 1, 1, 1, 1, 1, 1, 1, 1, 1, 1, 1, 1, 1, 1, 1, 1, 1, 1, 1, 1, 1, 1, 1, 1, 1, 1, 1, 1, 1, 1, 1, 1, 1, 1, 1, 1, 1, 1, 1, 1, 1, 1, 1, 1, 1, 1, 1, 1, 1, 1, 1, 1, 1, 1, 1, 1, 1, 1, 1, 1, 1, 1, 1, 1, 1, 1, 1, 1, 1, 1, 1, 1, 1, 1, 1, 1, 1, 1, 1, 1, 1, 1, 1, 1, 1, 1, 1, 1, 1, 1, 1, 1, 1, 1, 1, 1, 1, 1, 1, 1, 1, 1, 1, 1, 1, 1, 1, 1, 1, 1, 1, 1, 1, 1, 1, 1, 1, 1, 1, 1, 1, 1, 1, 1, 1, 1, 1, 1, 1, 1, 1, 1, 1, 1, 1, 1, 1, 1, 1, 1, 1, 1, 1, 1, 1, 1, 1, 1, 1, 1, 1, 1, 1, 1, 1, 1, 1, 1, 1, 1, 1, 1, 1, 1, 1, 1, 1, 1, 1, 1, 1, 1, 1, 1, 1, 1, 1, 1, 1, 1, 1, 1, 1, 1, 1, 1, 1, 1, 1, 1, 1, 1, 1, 1, 1, 1, 1, 1, 1, 1, 1, 1, 1, 1, 1, 1, 1, 1, 1, 1, 1, 1, 1, 1, 1, 1, 1, 1, 1, 1, 1, 1, 1, 1, 1, 1, 1, 1, 1, 1, 1, 1, 1, 1, 1, 1, 1, 1, 1, 1, 1, 1, 1, 1, 1, 1, 1, 1, 1, 1, 1, 1, 1, 1, 1, 1, 1, 1, 1, 1, 1, 1, 1, 1, 1, 1, 1, 1, 1, 1, 1, 1, 1, 1, 1, 1, 1, 1, 1, 1, 1, 1, 1, 1, 1, 1, 1, 1, 1, 1, 1, 1, 1, 1, 1, 1, 1, 1, 1, 1, 1, 1, 1, 1, 1, 1, 1, 1, 1, 1, 1, 1, 1, 1, 1, 1, 1, 1, 1, 1, 1, 1, 1, 1, 1, 1, 1, 1, 1, 1, 1, 1, 1, 1, 1, 1, 1, 1, 1, 1, 1, 1, 1, 1, 1, 1, 1, 1, 1, 1, 1, 1, 1, 1, 1, 1, 1, 1, 1, 1, 1, 1, 1, 1, 1, 1, 1, 1, 1, 1, 1, 1, 1, 1]
max(list(true_candidates_len_dict.values()))=19
np.mean(list(true_candidates_len_dict.values()))=1.694915254237288

count_how_many_candidates_we_missed=16
count_missed_in_true_candidates=14

summery:
The total number of unwanted unions is 31
The total number of unwanted singletons is 477
The total number of clusters with unwanted rebellious reads is 69
The avg size of unwanted rebellious reads in a cluster is 1.4203

acc_ver_0 = 0.7520

summery:
The total number of unwanted unions is 5
The total number of unwanted singletons is 479
The total number of clusters with unwanted rebellious reads is 68
The avg size of unwanted rebellious reads in a cluster is 1.4118

acc_ver_1_5 = 0.7643

summery:
The total number of unwanted unions is 9
The total number of unwanted singletons is 51
The total number of clusters with unwanted rebellious reads is 70
The avg size of unwanted rebellious reads in a cluster is 1.4143

acc_ver_2 = 0.8737

