#################################################
               handle_unions_log                 
#################################################
{181: (0.07317073170731707, 3, 41), 530: (1.0, 34, 34)}
len(cluster1)=3
len(cluster2)=34
{2038: (0.08695652173913043, 4, 46), 2507: (0.9629629629629629, 26, 27)}
len(cluster1)=26
len(cluster2)=4
count_wrong=2
count_right=19

#################################################
               handle_singletons_log             
#################################################
count_true_unwanted_singletons=508
len(singletons)=568
singleton_cluster_id=74 ; value=(0.8235294117647058, 14, 17)
true algo cluster = 72 ; len = 14 ; candidates = [2, 6, 7, 17, 18, 19, 20, 21, 50, 61, 62, 66, 67, 69, 70, 71, 73, 75, 76, 79, 80, 198, 223, 227, 253, 273, 338, 340, 375, 388, 634, 637, 638, 640, 647, 830, 1003, 1254, 1260, 1262, 1264, 1267, 1268, 1269, 1270, 1272, 1277, 1279, 1299, 1306, 1318, 1323, 1324, 1341, 1494, 1873, 1875, 1876, 1878, 1880, 1886, 1887, 1892, 1933, 1934, 2232, 2253, 2484, 2485, 2486, 2487, 2488, 2490, 2491, 2492, 2493, 2494, 2495, 2496, 2497, 2498, 2499, 2500, 2502, 2504, 2505, 2506, 2511, 2515, 2516, 2517, 2518, 2519, 2520, 2521, 2523, 2526, 2527, 2531, 2535, 2536, 2537, 2538, 2539, 2541, 2542, 2543, 2545, 2547, 2548, 2552, 2553, 2554, 2555, 2556, 2562, 2565, 2568, 2570, 2571, 2572, 2573, 2582, 2604, 2609, 2618, 2624, 2625, 2631, 2635, 2646, 2647, 2648, 2651, 2667, 2692, 2694, 2703, 2708, 2714, 2721, 2722, 2739, 2766, 2767, 2780, 2782, 2784, 2785, 2787, 2792, 2794, 2795, 2810, 2832, 2839, 2866, 3014, 3079, 3081, 3083, 3088, 3090, 3092, 3095, 3096, 3097, 3098, 3106, 3112, 3139, 3140, 3146, 3148, 3237, 3311, 3376, 3377, 3378, 3385, 3386, 3388, 3389, 3404, 3405, 3415, 3439, 3461, 3512, 3593]
singleton cluster id: 74 ; true_algo_ham_mean: 97.83333333333333 ; origin_ham_mean: 81.0909090909091 ; guessed index: AAATTT ; singleton index: GAAATC

singleton_cluster_id=305 ; value=(0.96875, 31, 32)
true algo cluster = 304 ; len = 31 ; candidates = [2, 3, 6, 7, 88, 164, 168, 242, 243, 244, 245, 248, 251, 254, 255, 264, 284, 324, 350, 401, 467, 557, 558, 559, 560, 561, 562, 563, 565, 569, 577, 578, 610, 612, 630, 637, 638, 640, 861, 864, 865, 871, 872, 877, 878, 882, 900, 915, 916, 918, 920, 935, 936, 937, 938, 939, 940, 941, 942, 943, 944, 945, 946, 948, 949, 950, 952, 954, 958, 962, 970, 974, 976, 983, 986, 995, 1003, 1013, 1016, 1017, 1018, 1019, 1022, 1023, 1024, 1026, 1027, 1028, 1031, 1033, 1035, 1036, 1067, 1076, 1084, 1096, 1097, 1099, 1100, 1109, 1111, 1112, 1115, 1129, 1133, 1155, 1156, 1157, 1159, 1165, 1176, 1177, 1178, 1179, 1180, 1181, 1182, 1183, 1184, 1185, 1186, 1187, 1188, 1190, 1191, 1194, 1195, 1196, 1198, 1200, 1201, 1204, 1206, 1209, 1214, 1217, 1219, 1221, 1222, 1226, 1235, 1236, 1239, 1240, 1241, 1479, 1535, 2103, 2104, 2105, 2112, 2181, 2218, 2233, 2234, 2255, 2324, 2405, 2406, 2407, 2409, 2410, 2411, 2413, 2418, 2419, 2424, 2469, 2525, 2762, 2763, 2800, 3297, 3299, 3379, 3387, 3391, 3453, 3561, 3598]
singleton cluster id: 305 ; true_algo_ham_mean: 97.25 ; origin_ham_mean: 77.63636363636364 ; guessed index: AATTTA ; singleton index: ATTAAC

singleton_cluster_id=1080 ; value=(0.9583333333333334, 46, 48)
true algo cluster = 1079 ; len = 46 ; candidates = [3, 17, 18, 23, 24, 25, 27, 28, 35, 40, 42, 43, 44, 66, 69, 76, 91, 94, 102, 106, 108, 110, 112, 120, 122, 124, 125, 141, 145, 146, 147, 152, 153, 157, 160, 177, 178, 182, 183, 186, 187, 193, 197, 199, 201, 217, 225, 231, 236, 237, 242, 243, 246, 247, 249, 252, 258, 259, 261, 262, 263, 264, 265, 266, 267, 268, 270, 271, 272, 274, 275, 277, 278, 279, 280, 281, 282, 283, 285, 287, 292, 297, 298, 300, 301, 302, 303, 304, 306, 307, 308, 313, 315, 316, 318, 320, 321, 322, 386, 415, 572, 576, 581, 585, 591, 592, 613, 621, 666, 690, 694, 696, 712, 744, 875, 881, 884, 886, 890, 895, 896, 897, 898, 911, 917, 919, 998, 999, 1001, 1002, 1007, 1012, 1030, 1041, 1054, 1075, 1077, 1078, 1081, 1084, 1086, 1095, 1132, 1137, 1202, 1213, 1216, 1225, 1230, 1234, 1237, 1248, 1286, 1313, 1316, 1360, 1418, 1497, 1499, 1501, 1502, 1514, 1537, 1828, 1829, 2137, 2327, 2467, 2489, 2620, 2732, 2739, 2740, 2741, 2758, 2775, 3331, 3509, 3523, 3590]
singleton cluster id: 1080 ; true_algo_ham_mean: 98.41666666666667 ; origin_ham_mean: 81.36363636363636 ; guessed index: ATCTTT ; singleton index: AATCTA

singleton_cluster_id=1123 ; value=(0.6666666666666666, 2, 3)
true algo cluster = 1122 ; len = 2 ; candidates = [39, 116, 170, 185, 188, 189, 190, 191, 192, 194, 195, 210, 230, 270, 276, 290, 291, 352, 358, 359, 406, 447, 486, 488, 498, 499, 500, 502, 505, 506, 507, 508, 511, 514, 515, 517, 530, 587, 597, 598, 659, 717, 732, 739, 740, 741, 742, 743, 747, 750, 752, 778, 780, 795, 806, 809, 812, 813, 815, 819, 823, 824, 832, 846, 874, 893, 904, 944, 959, 961, 963, 964, 965, 968, 969, 973, 977, 978, 984, 985, 1004, 1028, 1037, 1039, 1040, 1042, 1043, 1044, 1045, 1046, 1047, 1048, 1049, 1050, 1051, 1052, 1062, 1063, 1068, 1100, 1101, 1102, 1103, 1105, 1106, 1114, 1115, 1117, 1118, 1119, 1121, 1124, 1125, 1126, 1127, 1128, 1129, 1130, 1131, 1132, 1133, 1134, 1135, 1138, 1143, 1147, 1148, 1149, 1150, 1158, 1163, 1164, 1166, 1167, 1169, 1182, 1199, 1202, 1204, 1205, 1206, 1207, 1208, 1210, 1214, 1224, 1226, 1506, 1510, 1521, 1739, 1740, 1744, 2201, 2229, 2279, 2282, 2346, 2347, 2349, 2350, 2352, 2353, 2354, 2357, 2358, 2359, 2361, 2363, 2370, 2391, 2393, 2431, 2434, 2598, 2661, 2727, 2749, 2751, 2756, 3177, 3246, 3251, 3395, 3467, 3478, 3514, 3534, 3549, 3550, 3551, 3552, 3567, 3585, 3586]
singleton cluster id: 1123 ; true_algo_ham_mean: 99.0 ; origin_ham_mean: 70.0 ; guessed index: TATCGC ; singleton index: ATGCCG

singleton_cluster_id=1534 ; value=(0.8333333333333334, 5, 6)
true algo cluster = 1535 ; len = 5 ; candidates = [10, 71, 75, 148, 149, 188, 189, 192, 194, 209, 226, 228, 230, 231, 238, 239, 269, 309, 310, 369, 370, 387, 389, 650, 655, 695, 773, 836, 851, 867, 882, 886, 887, 888, 889, 891, 893, 904, 1041, 1203, 1238, 1279, 1280, 1296, 1297, 1299, 1306, 1313, 1314, 1315, 1316, 1320, 1324, 1347, 1351, 1352, 1353, 1371, 1379, 1381, 1385, 1390, 1391, 1392, 1393, 1404, 1407, 1409, 1410, 1411, 1412, 1414, 1422, 1423, 1425, 1427, 1428, 1429, 1431, 1434, 1435, 1438, 1441, 1446, 1448, 1449, 1451, 1453, 1457, 1461, 1462, 1464, 1465, 1466, 1467, 1468, 1469, 1470, 1471, 1473, 1475, 1476, 1477, 1483, 1484, 1486, 1499, 1502, 1503, 1504, 1506, 1507, 1510, 1512, 1521, 1522, 1531, 1541, 1542, 1597, 1695, 1718, 1737, 1775, 1779, 1780, 1781, 1782, 1783, 1787, 1793, 1822, 1912, 1913, 1973, 2007, 2009, 2030, 2032, 2048, 2052, 2053, 2054, 2060, 2074, 2075, 2087, 2091, 2092, 2093, 2109, 2110, 2123, 2124, 2127, 2128, 2129, 2130, 2132, 2134, 2138, 2139, 2161, 2162, 2164, 2215, 2216, 2224, 2235, 2279, 2312, 2327, 2329, 2331, 2346, 2349, 2351, 2354, 2369, 2373, 2383, 2390, 2391, 2392, 2393, 2396, 2397, 2401, 2429, 2430, 2542, 2543, 2545, 2550, 2612, 2613, 2614, 2635, 2637, 2660, 2692, 2693, 2695, 2733, 2768, 2820, 2834, 2840, 2841, 2985, 3026, 3281, 3282, 3315, 3322, 3459, 3583]
singleton cluster id: 1534 ; true_algo_ham_mean: 95.2 ; origin_ham_mean: 80.5 ; guessed index: CATTAA ; singleton index: CAGTCC

singleton_cluster_id=1607 ; value=(0.9583333333333334, 23, 24)
true algo cluster = 1606 ; len = 23 ; candidates = [175, 358, 500, 511, 530, 549, 711, 732, 749, 751, 757, 760, 764, 769, 876, 1057, 1058, 1113, 1293, 1329, 1337, 1348, 1365, 1368, 1369, 1372, 1376, 1380, 1387, 1388, 1416, 1430, 1432, 1444, 1445, 1517, 1594, 1635, 1638, 1652, 1669, 1670, 1672, 1673, 1678, 1682, 1686, 1687, 1689, 1692, 1714, 1719, 1722, 1723, 1724, 1729, 1734, 1743, 1745, 1746, 1747, 1748, 1751, 1756, 1773, 1792, 1807, 1835, 1872, 1881, 1891, 1898, 1900, 1906, 1908, 1909, 1910, 1911, 1917, 1918, 1919, 1920, 1924, 1937, 1944, 1946, 1947, 1948, 1949, 1952, 1953, 1955, 1956, 1957, 1958, 1959, 1960, 1964, 1967, 1968, 1969, 1975, 1977, 1984, 1985, 1986, 1987, 1988, 1989, 1990, 1991, 1992, 1993, 1994, 1995, 1996, 1997, 1998, 1999, 2000, 2001, 2003, 2004, 2008, 2013, 2015, 2016, 2023, 2024, 2026, 2027, 2028, 2031, 2033, 2034, 2035, 2036, 2038, 2039, 2045, 2055, 2057, 2058, 2064, 2066, 2069, 2076, 2078, 2079, 2080, 2088, 2116, 2131, 2136, 2143, 2144, 2145, 2146, 2148, 2149, 2156, 2212, 2251, 2262, 2289, 2291, 2294, 2303, 2330, 2334, 2336, 2347, 2355, 2357, 2358, 2367, 2593, 2636, 2816, 2889, 2926, 2933, 2934, 2935, 2936, 2937, 2938, 2939, 2942, 2945, 2955, 2964, 2972, 2990, 3127, 3153, 3164, 3168, 3184, 3185, 3190, 3195, 3205, 3261, 3291, 3602]
singleton cluster id: 1607 ; true_algo_ham_mean: 100.66666666666667 ; origin_ham_mean: 80.0909090909091 ; guessed index: CCAGTA ; singleton index: CGCGAG

singleton_cluster_id=1804 ; value=(0.5333333333333333, 8, 15)
true algo cluster = 1803 ; len = 8 ; candidates = [148, 149, 387, 409, 427, 428, 429, 430, 438, 448, 449, 450, 466, 468, 503, 566, 617, 618, 773, 1040, 1050, 1062, 1082, 1083, 1192, 1391, 1529, 1581, 1640, 1647, 1655, 1656, 1657, 1658, 1691, 1695, 1696, 1699, 1701, 1702, 1781, 1791, 1799, 1802, 1815, 1818, 1819, 1820, 1821, 1822, 1824, 1830, 1841, 1843, 1858, 2007, 2009, 2152, 2196, 2200, 2273, 2275, 2276, 2285, 2286, 2299, 2310, 2312, 2313, 2314, 2612, 2613, 2614, 2834, 2840, 2841, 2858, 2874, 2875, 2876, 2877, 2907, 2910, 2911, 2912, 2913, 2985, 3017, 3018, 3019, 3025, 3026, 3063, 3065, 3208, 3470, 3471, 3479, 3510, 3511, 3592]
singleton cluster id: 1804 ; true_algo_ham_mean: 97.875 ; origin_ham_mean: 77.0 ; guessed index: CCTTTA ; singleton index: TCCTCC

singleton_cluster_id=2644 ; value=(0.5, 1, 2)
true algo cluster = 2645 ; len = 1 ; candidates = [17, 22, 27, 66, 69, 87, 91, 92, 102, 103, 104, 105, 108, 110, 141, 157, 177, 178, 241, 258, 323, 325, 327, 328, 337, 338, 341, 342, 343, 346, 347, 364, 377, 380, 382, 383, 384, 385, 386, 388, 394, 395, 399, 400, 401, 403, 404, 405, 409, 410, 411, 412, 413, 414, 415, 416, 417, 418, 419, 420, 421, 422, 426, 431, 436, 439, 440, 441, 442, 443, 446, 457, 458, 460, 461, 462, 463, 464, 465, 474, 475, 476, 477, 478, 480, 481, 485, 487, 489, 490, 493, 494, 501, 534, 541, 552, 553, 557, 564, 568, 572, 574, 575, 576, 580, 589, 613, 621, 625, 648, 684, 709, 710, 713, 714, 715, 720, 724, 725, 726, 727, 728, 730, 733, 744, 781, 875, 981, 1016, 1017, 1019, 1021, 1026, 1029, 1030, 1032, 1034, 1038, 1075, 1077, 1340, 1346, 1349, 1360, 1386, 1389, 1498, 1536, 1558, 1565, 1569, 1573, 1574, 1586, 1592, 1599, 1606, 1612, 1613, 1614, 1615, 1616, 1617, 1618, 1623, 1631, 1633, 1636, 1641, 1645, 1646, 1648, 1649, 1665, 1694, 1715, 1726, 1731, 1838, 1961, 2243, 2467, 2575, 2576, 2578, 2792, 2832, 2835, 2838, 2852, 2853, 2857, 2866, 2868, 2900, 2993, 3460]
singleton cluster id: 2644 ; true_algo_ham_mean: 120.0 ; origin_ham_mean: 0 ; guessed index: GGAGAT ; singleton index: ACCATA

singleton_cluster_id=2645 ; value=(0.5, 1, 2)
true algo cluster = 2644 ; len = 1 ; candidates = [48, 169, 180, 253, 634, 649, 673, 679, 682, 683, 685, 686, 688, 797, 804, 829, 902, 982, 993, 1318, 1421, 1595, 1873, 1887, 1908, 1910, 1911, 1921, 1925, 1929, 1939, 1987, 2037, 2039, 2043, 2045, 2069, 2253, 2497, 2500, 2504, 2522, 2523, 2533, 2537, 2541, 2547, 2594, 2606, 2628, 2630, 2631, 2634, 2636, 2638, 2639, 2643, 2646, 2647, 2648, 2651, 2670, 2683, 2687, 2694, 2703, 2720, 2724, 2782, 2801, 2813, 2814, 2816, 2831, 2889, 2927, 2940, 2959, 3040, 3077, 3078, 3079, 3081, 3086, 3087, 3088, 3089, 3094, 3095, 3096, 3097, 3098, 3099, 3101, 3110, 3114, 3115, 3116, 3117, 3118, 3120, 3122, 3124, 3125, 3126, 3128, 3129, 3130, 3131, 3132, 3133, 3134, 3135, 3136, 3137, 3138, 3139, 3142, 3146, 3149, 3150, 3158, 3162, 3169, 3184, 3185, 3192, 3197, 3199, 3200, 3207, 3225, 3229, 3231, 3232, 3233, 3236, 3237, 3238, 3239, 3257, 3258, 3259, 3261, 3262, 3266, 3273, 3274, 3276, 3277, 3280, 3293, 3310, 3312, 3320, 3335, 3336, 3337, 3343, 3348, 3352, 3357, 3389, 3392, 3410, 3411, 3412, 3425, 3428, 3433, 3487, 3502, 3506, 3525, 3531, 3535, 3536, 3558, 3572]
singleton cluster id: 2645 ; true_algo_ham_mean: 120.0 ; origin_ham_mean: 0 ; guessed index: ACCATA ; singleton index: GGAGAT

singleton_cluster_id=2712 ; value=(0.9523809523809523, 40, 42)
true algo cluster = 2710 ; len = 40 ; candidates = [314, 338, 346, 349, 354, 360, 361, 362, 363, 377, 394, 415, 479, 666, 714, 715, 718, 719, 723, 724, 744, 1075, 1286, 1340, 1360, 1367, 1383, 1384, 1385, 1387, 1394, 1398, 1399, 1418, 1424, 1450, 1536, 1569, 1576, 1586, 1589, 1599, 1606, 1615, 1617, 1623, 1624, 1665, 1694, 1749, 1828, 1829, 1950, 1961, 2002, 2005, 2206, 2243, 2501, 2503, 2508, 2510, 2515, 2517, 2563, 2566, 2577, 2608, 2611, 2617, 2621, 2735, 2740, 2779, 2783, 2788, 2789, 2792, 2794, 2795, 2796, 2797, 2798, 2799, 2801, 2802, 2803, 2804, 2805, 2806, 2807, 2808, 2809, 2810, 2811, 2812, 2813, 2815, 2817, 2818, 2819, 2826, 2828, 2829, 2830, 2831, 2832, 2833, 2837, 2838, 2839, 2842, 2844, 2850, 2851, 2857, 2860, 2865, 2869, 2872, 2873, 2878, 2882, 2883, 2884, 2885, 2888, 2894, 2900, 2901, 2905, 2907, 2909, 2910, 2914, 2918, 2928, 2929, 2943, 2944, 2945, 2947, 2957, 2961, 2982, 2983, 2988, 2993, 3000, 3005, 3011, 3017, 3020, 3021, 3027, 3030, 3031, 3032, 3033, 3034, 3035, 3036, 3050, 3051, 3056, 3059, 3060, 3061, 3095, 3099, 3101, 3102, 3111, 3112, 3113, 3114, 3131, 3147, 3157, 3206, 3207, 3254, 3331, 3385, 3393, 3397, 3402, 3403, 3404, 3405, 3406, 3407, 3408, 3413, 3424, 3452, 3460, 3508, 3512, 3556]
singleton cluster id: 2712 ; true_algo_ham_mean: 98.75 ; origin_ham_mean: 73.45454545454545 ; guessed index: GATACA ; singleton index: GCACTA

singleton_cluster_id=2724 ; value=(0.9333333333333333, 14, 15)
true algo cluster = 2723 ; len = 14 ; candidates = [253, 260, 385, 634, 649, 689, 691, 692, 693, 696, 702, 708, 770, 801, 802, 804, 805, 885, 922, 994, 1318, 1450, 1540, 1616, 1873, 1887, 1927, 1929, 1930, 1940, 2004, 2041, 2043, 2044, 2089, 2253, 2497, 2500, 2504, 2519, 2523, 2539, 2540, 2541, 2547, 2551, 2553, 2555, 2556, 2606, 2610, 2611, 2628, 2631, 2645, 2647, 2651, 2708, 2720, 2721, 2722, 2728, 2739, 2765, 2774, 2782, 2801, 2833, 2837, 2842, 2844, 2848, 2849, 2851, 2909, 2927, 3011, 3066, 3076, 3077, 3078, 3079, 3081, 3086, 3087, 3088, 3089, 3094, 3095, 3096, 3097, 3098, 3099, 3101, 3110, 3111, 3114, 3115, 3116, 3118, 3124, 3125, 3131, 3132, 3135, 3136, 3137, 3138, 3141, 3142, 3143, 3144, 3145, 3146, 3147, 3148, 3149, 3150, 3162, 3169, 3205, 3207, 3211, 3216, 3217, 3220, 3225, 3236, 3239, 3262, 3279, 3285, 3292, 3294, 3295, 3305, 3309, 3310, 3311, 3312, 3313, 3314, 3319, 3320, 3332, 3334, 3350, 3353, 3356, 3357, 3367, 3369, 3370, 3389, 3392, 3429, 3431, 3432, 3433, 3437, 3443, 3444, 3446, 3506, 3531, 3535, 3541, 3542, 3544]
singleton cluster id: 2724 ; true_algo_ham_mean: 95.75 ; origin_ham_mean: 73.72727272727273 ; guessed index: GATTTT ; singleton index: GGATAT

singleton_cluster_id=2742 ; value=(0.96875, 31, 32)
true algo cluster = 2741 ; len = 31 ; candidates = [10, 70, 84, 223, 253, 340, 389, 485, 489, 494, 647, 667, 690, 695, 701, 704, 706, 707, 708, 767, 768, 772, 858, 921, 923, 924, 1005, 1061, 1223, 1260, 1270, 1306, 1314, 1320, 1324, 1325, 1326, 1392, 1407, 1419, 1468, 1486, 1494, 1507, 1522, 1531, 1536, 1539, 1541, 1542, 1545, 1613, 1617, 1623, 1625, 1629, 1630, 1779, 1783, 1791, 1858, 1875, 1876, 1878, 1880, 1884, 1885, 1886, 1890, 1895, 1897, 1899, 1901, 1903, 1905, 1912, 1913, 1915, 1921, 1924, 1925, 1927, 1928, 1929, 1930, 1931, 1932, 1933, 1934, 1938, 1940, 1941, 1942, 1943, 1963, 1965, 1997, 1998, 2007, 2009, 2013, 2014, 2018, 2019, 2021, 2041, 2042, 2044, 2083, 2086, 2087, 2090, 2091, 2098, 2099, 2101, 2109, 2111, 2119, 2121, 2126, 2129, 2139, 2140, 2155, 2159, 2160, 2161, 2162, 2163, 2164, 2165, 2166, 2167, 2169, 2170, 2171, 2172, 2173, 2174, 2175, 2224, 2228, 2231, 2232, 2235, 2240, 2242, 2243, 2244, 2245, 2246, 2247, 2248, 2268, 2342, 2344, 2383, 2388, 2401, 2468, 2470, 2471, 2489, 2554, 2618, 2620, 2624, 2625, 2636, 2692, 2713, 2721, 2733, 2763, 2766, 2767, 2768, 2769, 2771, 2773, 2839, 2848, 3068, 3088, 3096, 3112, 3136, 3141, 3147, 3148, 3150, 3209, 3218, 3278, 3358, 3368, 3459, 3596, 3605]
singleton cluster id: 2742 ; true_algo_ham_mean: 99.33333333333333 ; origin_ham_mean: 77.27272727272727 ; guessed index: GATCTT ; singleton index: CGATTC

singleton_cluster_id=2959 ; value=(0.6, 3, 5)
true algo cluster = 15 ; len = 47 ; candidates = [68, 679, 718, 719, 738, 753, 754, 755, 759, 761, 763, 774, 778, 814, 817, 818, 823, 833, 834, 852, 906, 993, 1064, 1212, 1792, 1983, 1987, 1988, 1989, 1990, 1991, 1996, 2000, 2010, 2037, 2045, 2056, 2295, 2508, 2566, 2587, 2594, 2595, 2596, 2597, 2602, 2603, 2606, 2607, 2615, 2645, 2650, 2662, 2666, 2670, 2678, 2702, 2752, 2860, 2893, 2902, 2913, 2940, 2946, 2953, 2956, 2957, 2958, 2961, 2970, 2972, 2987, 2990, 3045, 3086, 3087, 3107, 3110, 3118, 3122, 3124, 3156, 3157, 3159, 3162, 3165, 3166, 3169, 3170, 3171, 3172, 3173, 3174, 3175, 3178, 3179, 3180, 3181, 3182, 3184, 3185, 3186, 3187, 3188, 3189, 3190, 3191, 3192, 3193, 3194, 3195, 3198, 3199, 3200, 3202, 3206, 3208, 3210, 3211, 3213, 3216, 3217, 3219, 3220, 3231, 3243, 3244, 3247, 3252, 3253, 3254, 3255, 3256, 3257, 3262, 3263, 3265, 3266, 3273, 3274, 3276, 3277, 3280, 3289, 3291, 3293, 3300, 3319, 3324, 3327, 3330, 3332, 3334, 3342, 3343, 3348, 3352, 3408, 3472, 3476, 3487, 3488, 3489, 3496, 3502, 3513, 3525, 3557, 3558, 3559, 3572, 3573]
singleton cluster id: 2959 ; true_algo_ham_mean: 110.5 ; origin_ham_mean: 78.36363636363636 ; guessed index: AAAAGG ; singleton index: GGCGCT

singleton_cluster_id=2960 ; value=(0.6, 3, 5)
true algo cluster = 15 ; len = 47 ; candidates = [329, 331, 409, 484, 485, 486, 487, 499, 502, 504, 523, 526, 544, 565, 612, 658, 716, 754, 755, 794, 814, 1100, 1342, 1358, 1410, 1562, 1577, 1581, 1640, 1647, 1717, 1718, 1720, 1727, 1737, 1781, 1802, 1889, 1890, 1893, 1894, 1895, 1896, 1897, 1899, 1901, 1903, 1912, 1913, 1932, 1937, 1951, 1954, 1973, 1980, 1988, 1989, 2030, 2032, 2110, 2169, 2200, 2329, 2331, 2490, 2491, 2505, 2511, 2525, 2585, 2596, 2597, 2633, 2634, 2635, 2637, 2638, 2639, 2646, 2660, 2693, 2694, 2714, 2735, 2780, 2783, 2784, 2785, 2786, 2787, 2788, 2797, 2800, 2802, 2803, 2804, 2805, 2806, 2809, 2810, 2811, 2814, 2820, 2834, 2840, 2841, 2854, 2857, 2858, 2859, 2860, 2866, 2874, 2875, 2876, 2911, 2912, 2922, 2926, 2927, 2928, 2929, 2930, 2931, 2932, 2934, 2935, 2936, 2938, 2939, 2941, 2942, 2944, 2947, 2948, 2949, 2951, 2952, 2953, 2958, 2963, 2966, 2967, 2968, 2970, 2976, 2981, 2984, 2985, 2986, 2987, 3003, 3004, 3005, 3007, 3014, 3018, 3022, 3023, 3024, 3025, 3026, 3038, 3042, 3065, 3083, 3086, 3102, 3104, 3105, 3106, 3107, 3108, 3112, 3119, 3139, 3140, 3141, 3156, 3189, 3222, 3223, 3226, 3227, 3230, 3231, 3237, 3241, 3245, 3247, 3263, 3265, 3281, 3282, 3322, 3376, 3377, 3378, 3415, 3454, 3534, 3550, 3552, 3566, 3583, 3605, 3608]
singleton cluster id: 2960 ; true_algo_ham_mean: 108.16666666666667 ; origin_ham_mean: 78.36363636363636 ; guessed index: AAAAGG ; singleton index: GCGACC

singleton_cluster_id=3427 ; value=(0.9767441860465116, 42, 43)
true algo cluster = 3426 ; len = 42 ; candidates = [81, 82, 155, 173, 174, 195, 216, 219, 224, 230, 232, 234, 235, 240, 294, 317, 699, 775, 777, 892, 905, 908, 909, 910, 927, 989, 1008, 1144, 1145, 1167, 1169, 1228, 1243, 1302, 1319, 1321, 1415, 1430, 1432, 1458, 1462, 1469, 1470, 1471, 1476, 1513, 1519, 1526, 1532, 1547, 1786, 1788, 2095, 2096, 2133, 2152, 2221, 2239, 2398, 2529, 2546, 2549, 2619, 2640, 2641, 2642, 2676, 2679, 2681, 2696, 2698, 2699, 2772, 3290, 3421, 3423, 3440, 3441, 3606]
singleton cluster id: 3427 ; true_algo_ham_mean: 95.33333333333333 ; origin_ham_mean: 69.18181818181819 ; guessed index: GTTAGT ; singleton index: TAGTGG

count_how_many_candidates_we_missed=15
ham_dist_candidates_and_origins={168: (73.83333333333333, 73.83333333333333, True), 174: (89.0, 80.0, False), 213: (94.25, 94.25, True), 392: (82.41666666666667, 82.41666666666667, True), 427: (84.25, 84.25, True), 597: (88.08333333333333, 88.08333333333333, True), 698: (93.41666666666667, 93.41666666666667, True), 731: (79.16666666666667, 79.16666666666667, True), 815: (78.33333333333333, 78.33333333333333, True), 825: (89.91666666666667, 89.91666666666667, True), 1106: (89.66666666666667, 89.66666666666667, True), 1186: (88.33333333333333, 88.33333333333333, True), 1364: (89.0, 89.0, True), 1368: (97.83333333333333, 93.0, False), 1373: (93.5, 92.0, False), 1710: (77.0, 77.0, True), 1768: (86.33333333333333, 86.33333333333333, True), 1887: (81.16666666666667, 81.16666666666667, True), 2041: (76.0, 76.0, True), 2084: (86.0, 86.0, True), 2537: (90.41666666666667, 90.41666666666667, True), 2672: (91.75, 91.75, True), 2998: (77.33333333333333, 77.33333333333333, True), 3112: (77.0, 77.0, True), 3263: (82.08333333333333, 82.08333333333333, True), 3346: (88.83333333333333, 88.83333333333333, True), 3378: (94.33333333333333, 94.33333333333333, True), 3524: (91.0, 91.0, True), 3567: (105.91666666666667, 95.0, False), 3631: (74.16666666666667, 74.16666666666667, True), 3787: (91.0, 91.0, True), 3913: (95.41666666666667, 95.41666666666667, True), 4056: (89.58333333333333, 89.58333333333333, True), 4400: (84.08333333333333, 83.33333333333333, False), 4601: (83.16666666666667, 83.16666666666667, True), 4840: (90.41666666666667, 90.41666666666667, True), 4879: (86.33333333333333, 86.33333333333333, True), 5006: (81.08333333333333, 81.08333333333333, True), 5154: (89.5, 89.5, True), 5163: (86.75, 86.75, True), 5344: (94.16666666666667, 94.16666666666667, True), 5771: (70.66666666666667, 70.66666666666667, True), 5780: (71.0, 71.0, True), 5959: (88.66666666666667, 88.66666666666667, True), 6007: (91.66666666666667, 91.66666666666667, True), 6051: (97.25, 112.0, False), 6368: (83.25, 83.25, True), 6589: (98.33333333333333, 98.33333333333333, True), 6672: (79.41666666666667, 79.41666666666667, True), 6743: (90.75, 90.0, True), 6794: (83.75, 83.75, True), 6828: (81.91666666666667, 81.91666666666667, True), 6866: (83.83333333333333, 83.83333333333333, True), 7008: (79.66666666666667, 79.66666666666667, True), 7012: (81.75, 81.75, True), 7353: (80.33333333333333, 80.33333333333333, True), 7770: (86.5, 86.5, True), 7790: (94.66666666666667, 94.66666666666667, True), 7851: (83.58333333333333, 83.58333333333333, True), 7873: (94.16666666666667, 94.16666666666667, True), 8047: (81.08333333333333, 81.08333333333333, True), 8142: (79.08333333333333, 79.08333333333333, True), 8171: (100.75, 100.75, True), 8464: (78.5, 78.5, True), 8628: (90.58333333333333, 90.58333333333333, True), 8736: (91.25, 91.25, True), 8845: (74.66666666666667, 74.66666666666667, True), 8927: (72.5, 72.5, True), 8978: (83.8, 83.8, True), 9305: (83.16666666666667, 83.16666666666667, True), 9320: (80.5, 80.5, True), 9391: (89.08333333333333, 89.08333333333333, True), 9562: (88.33333333333333, 88.33333333333333, True), 9605: (87.5, 74.0, False), 9606: (82.5, 74.0, False), 9663: (90.0, 90.0, True), 9664: (90.0, 90.0, True), 9942: (92.41666666666667, 92.41666666666667, True), 9991: (74.55555555555556, 74.55555555555556, True), 10067: (94.75, 94.75, True), 10171: (79.16666666666667, 79.16666666666667, True), 10483: (98.33333333333333, 98.33333333333333, True), 10853: (79.41666666666667, 79.41666666666667, True), 10938: (84.58333333333333, 84.58333333333333, True), 11005: (78.66666666666667, 78.66666666666667, True), 11047: (77.83333333333333, 77.83333333333333, True), 11406: (88.08333333333333, 88.08333333333333, True), 12011: (79.75, 69.0, False), 12023: (71.58333333333333, 69.0, False), 12072: (73.41666666666667, 73.41666666666667, True), 12091: (83.08333333333333, 83.08333333333333, True), 12117: (87.25, 87.25, True), 12577: (84.0, 84.0, True), 12581: (99.5, 99.5, True), 12745: (88.0, 88.0, True), 12807: (76.75, 76.75, True), 12850: (87.16666666666667, 87.16666666666667, True), 12927: (83.0, 83.0, True), 12948: (88.33333333333333, 88.33333333333333, True), 13249: (94.08333333333333, 90.0, False), 13405: (86.75, 86.75, True), 13425: (82.75, 82.75, True), 13686: (95.41666666666667, 95.0, False), 13735: (85.91666666666667, 85.91666666666667, True), 13857: (87.75, 87.75, True), 14134: (102.08333333333333, 102.08333333333333, True), 14180: (96.33333333333333, 94.0, False), 14183: (90.16666666666667, 90.16666666666667, True), 14418: (82.33333333333333, 82.33333333333333, True), 14423: (85.4, 85.4, True), 14448: (95.25, 95.25, True), 14892: (71.83333333333333, 71.83333333333333, True), 14937: (93.16666666666667, 93.16666666666667, True), 15439: (88.33333333333333, 88.33333333333333, True), 15834: (76.41666666666667, 76.41666666666667, True), 15867: (74.33333333333333, 74.33333333333333, True), 15883: (83.25, 83.25, True), 16123: (82.25, 82.25, True), 16297: (83.91666666666667, 83.91666666666667, True), 16388: (93.25, 93.25, True), 16491: (89.25, 89.25, True), 16584: (100.83333333333333, 100.83333333333333, True), 16659: (83.41666666666667, 83.41666666666667, True), 16760: (85.91666666666667, 85.91666666666667, True), 17011: (90.08333333333333, 90.08333333333333, True), 17035: (87.91666666666667, 87.91666666666667, True), 17757: (80.41666666666667, 80.41666666666667, True), 17971: (89.83333333333333, 89.83333333333333, True), 18159: (80.0, 80.0, True), 18890: (97.85714285714286, 97.85714285714286, True), 18901: (71.33333333333333, 71.33333333333333, True), 18919: (83.83333333333333, 83.83333333333333, True), 19130: (90.41666666666667, 90.41666666666667, True), 19138: (109.75, 109.75, True), 19277: (87.91666666666667, 87.91666666666667, True), 19284: (98.08333333333333, 90.0, False), 19418: (71.25, 71.25, True), 19428: (84.5, 84.5, True), 19517: (79.0, 79.0, True), 19738: (80.8, 80.8, True), 19930: (88.0, 88.0, True), 19992: (81.16666666666667, 81.16666666666667, True), 20030: (89.5, 89.5, True), 20322: (88.0, 88.0, True), 20349: (75.75, 75.75, True), 20359: (91.0, 78.66666666666667, False), 20491: (81.16666666666667, 81.16666666666667, True), 20699: (82.5, 82.5, True), 21004: (88.625, 88.625, True), 21137: (88.25, 88.25, True), 21237: (78.0, 78.0, True), 21238: (78.0, 78.0, True), 21282: (88.91666666666667, 88.91666666666667, True), 21451: (94.66666666666667, 94.66666666666667, True), 21482: (75.8, 75.8, True), 21709: (97.08333333333333, 93.5, False), 21865: (86.5, 86.5, True), 21973: (98.41666666666667, 95.0, False), 21980: (99.58333333333333, 94.0, True), 22128: (89.27272727272727, 89.27272727272727, True), 22611: (86.25, 86.25, True), 22708: (75.5, 75.5, True), 22798: (81.58333333333333, 81.58333333333333, True), 22870: (99.0, 101.0, False), 22969: (84.33333333333333, 84.33333333333333, True), 23258: (91.75, 91.75, True), 23307: (80.41666666666667, 80.41666666666667, True), 23323: (85.16666666666667, 85.16666666666667, True), 23669: (84.41666666666667, 84.41666666666667, True), 23678: (82.25, 82.25, True), 23688: (80.33333333333333, 80.33333333333333, True), 24128: (79.83333333333333, 79.83333333333333, True), 24272: (82.41666666666667, 82.41666666666667, True), 24311: (91.0, 91.0, True), 24384: (81.25, 81.25, True), 24502: (82.66666666666667, 82.66666666666667, True), 24552: (81.83333333333333, 81.83333333333333, True), 24662: (80.41666666666667, 80.41666666666667, True), 24831: (91.5, 91.5, True), 24945: (86.75, 86.75, True), 25441: (95.1, 95.1, True), 25448: (96.5, 95.0, False), 25541: (92.83333333333333, 92.83333333333333, True), 25669: (89.58333333333333, 89.58333333333333, True), 25712: (78.25, 78.25, True), 25754: (79.33333333333333, 79.33333333333333, True), 25923: (84.5, 84.5, True), 25939: (75.16666666666667, 75.16666666666667, True), 25992: (101.08333333333333, 101.08333333333333, True), 26129: (69.75, 69.75, True), 26524: (98.08333333333333, 98.08333333333333, True), 26606: (86.91666666666667, 86.91666666666667, True), 26759: (95.75, 95.75, True), 27053: (70.16666666666667, 70.16666666666667, True), 27096: (83.58333333333333, 83.58333333333333, True), 27351: (81.0, 81.0, True), 27604: (94.25, 94.25, True), 27992: (79.91666666666667, 79.91666666666667, True), 28013: (81.16666666666667, 81.16666666666667, True), 28090: (77.66666666666667, 77.66666666666667, True), 28551: (79.83333333333333, 79.83333333333333, True), 28602: (90.75, 90.75, True), 28639: (86.41666666666667, 86.41666666666667, True), 28660: (77.91666666666667, 77.91666666666667, True), 28894: (81.41666666666667, 81.41666666666667, True), 29087: (92.0, 92.0, True), 29088: (92.0, 92.0, True), 29505: (78.41666666666667, 78.41666666666667, True), 29781: (81.5, 81.5, True), 29873: (94.08333333333333, 94.08333333333333, True), 29889: (85.875, 85.875, True), 29937: (100.33333333333333, 100.33333333333333, True), 30462: (79.0, 79.0, True), 30999: (74.41666666666667, 74.41666666666667, True), 31167: (79.25, 79.25, True), 31604: (77.58333333333333, 77.58333333333333, True), 31804: (79.25, 79.25, True), 31955: (95.2, 109.91666666666667, False), 31980: (75.16666666666667, 75.16666666666667, True), 32173: (84.75, 84.75, True), 32228: (91.58333333333333, 91.58333333333333, True), 32358: (84.66666666666667, 84.66666666666667, True), 32485: (88.33333333333333, 88.33333333333333, True), 32527: (93.91666666666667, 93.91666666666667, True), 32702: (88.0, 88.0, True), 32857: (93.08333333333333, 93.08333333333333, True), 33039: (79.08333333333333, 79.08333333333333, True), 33234: (81.33333333333333, 81.33333333333333, True), 33309: (81.0, 81.0, True), 33519: (84.91666666666667, 84.91666666666667, True), 33521: (80.0, 80.0, True), 33535: (100.66666666666667, 107.0, False), 33706: (101.25, 101.25, True), 33796: (89.16666666666667, 89.16666666666667, True), 33799: (90.33333333333333, 90.33333333333333, True), 33829: (75.33333333333333, 75.33333333333333, True), 33881: (87.66666666666667, 87.66666666666667, True), 34103: (93.41666666666667, 93.41666666666667, True), 34254: (77.66666666666667, 77.66666666666667, True), 34430: (79.18181818181819, 79.18181818181819, True), 34598: (82.16666666666667, 82.16666666666667, True), 34767: (87.75, 87.75, True), 34869: (79.83333333333333, 79.83333333333333, True), 34880: (88.83333333333333, 88.83333333333333, True), 35069: (94.33333333333333, 94.33333333333333, True), 35122: (75.5, 75.5, True), 35363: (95.0, 90.0, False), 35369: (91.66666666666667, 91.66666666666667, True), 35571: (77.75, 77.75, True), 35573: (103.08333333333333, 90.0, False), 35618: (91.58333333333333, 91.58333333333333, True), 35801: (81.41666666666667, 81.41666666666667, True), 35890: (87.58333333333333, 87.58333333333333, True), 36053: (93.41666666666667, 93.41666666666667, True), 36142: (88.5, 88.5, True), 36183: (95.25, 95.25, True), 36667: (78.75, 78.75, True), 36696: (85.41666666666667, 85.41666666666667, True), 36942: (78.75, 78.75, True), 37044: (80.33333333333333, 80.33333333333333, True), 37175: (89.58333333333333, 89.58333333333333, True), 37296: (80.0, 80.0, True), 37316: (96.0, 96.0, True), 37319: (96.0, 96.0, True), 37398: (86.0, 86.0, True), 37518: (97.875, 108.0, False), 37729: (80.81818181818181, 80.81818181818181, True), 37945: (85.08333333333333, 85.08333333333333, True), 38047: (84.16666666666667, 84.16666666666667, True), 38283: (82.5, 82.5, True), 38289: (93.83333333333333, 93.83333333333333, True), 38449: (87.41666666666667, 87.41666666666667, True), 39114: (93.66666666666667, 93.66666666666667, True), 39262: (92.41666666666667, 92.41666666666667, True), 39338: (82.58333333333333, 82.58333333333333, True), 39405: (85.0, 85.0, True), 39426: (93.0, 93.0, True), 39427: (93.0, 93.0, True), 39564: (95.08333333333333, 89.0, False), 39591: (89.41666666666667, 89.0, False), 39702: (69.5, 69.5, True), 39733: (90.0, 90.0, True), 39737: (97.4, 97.4, True), 39926: (95.41666666666667, 95.0, False), 40050: (88.33333333333333, 88.33333333333333, True), 40145: (84.88888888888889, 84.88888888888889, True), 40255: (83.71428571428571, 83.71428571428571, True), 40445: (89.0, 89.0, True), 40516: (96.5, 96.5, True), 40547: (85.5, 85.5, True), 40609: (71.5, 71.5, True), 40689: (86.91666666666667, 86.91666666666667, True), 41067: (71.6, 71.6, True), 41527: (93.5, 93.5, True), 41669: (86.33333333333333, 86.33333333333333, True), 41775: (84.66666666666667, 84.66666666666667, True), 41950: (95.5, 95.5, True), 41978: (83.88888888888889, 83.88888888888889, True), 41997: (83.08333333333333, 83.08333333333333, True), 42156: (100.08333333333333, 98.0, False), 42204: (87.83333333333333, 87.83333333333333, True), 42316: (83.85714285714286, 83.85714285714286, True), 42348: (97.83333333333333, 97.83333333333333, True), 42365: (67.33333333333333, 67.33333333333333, True), 42714: (79.75, 79.75, True), 42770: (86.33333333333333, 86.33333333333333, True), 42780: (94.44444444444444, 94.44444444444444, True), 42798: (88.33333333333333, 88.33333333333333, True), 42879: (82.33333333333333, 82.33333333333333, True), 43554: (83.5, 83.5, True), 43573: (94.41666666666667, 94.41666666666667, True), 43626: (81.16666666666667, 81.16666666666667, True), 43862: (77.91666666666667, 77.91666666666667, True), 44145: (85.91666666666667, 85.91666666666667, True), 44229: (84.14285714285714, 84.14285714285714, True), 44274: (85.41666666666667, 85.41666666666667, True), 44749: (84.0, 84.0, True), 44750: (84.0, 84.0, True), 44832: (89.58333333333333, 89.58333333333333, True), 44988: (78.83333333333333, 78.83333333333333, True), 45008: (89.33333333333333, 89.33333333333333, True), 45295: (87.41666666666667, 87.41666666666667, True), 45838: (89.41666666666667, 89.41666666666667, True), 46109: (81.16666666666667, 81.16666666666667, True), 46293: (95.5, 95.5, True), 46304: (74.83333333333333, 74.83333333333333, True), 46419: (95.0, 93.0, False), 46420: (95.0, 95.0, True), 46435: (81.75, 81.75, True), 46485: (80.33333333333333, 80.33333333333333, True), 46669: (80.66666666666667, 80.66666666666667, True), 46893: (79.0, 79.0, True), 46894: (79.0, 79.0, True), 47021: (79.33333333333333, 79.33333333333333, True), 47191: (81.83333333333333, 81.83333333333333, True), 47542: (83.41666666666667, 83.41666666666667, True), 47800: (93.75, 93.75, True), 47878: (81.58333333333333, 81.58333333333333, True), 48257: (74.83333333333333, 74.83333333333333, True), 48299: (87.33333333333333, 87.33333333333333, True), 48339: (90.5, 90.5, True), 48346: (93.66666666666667, 93.0, False), 48432: (94.0, 94.0, True), 48639: (93.08333333333333, 93.08333333333333, True), 48725: (83.75, 83.75, True), 48822: (82.16666666666667, 82.16666666666667, True), 49201: (97.33333333333333, 97.33333333333333, True), 49414: (91.16666666666667, 86.0, False), 49423: (67.83333333333333, 67.83333333333333, True), 49476: (85.75, 85.75, True), 49487: (108.41666666666667, 102.0, False), 49959: (78.75, 78.75, True), 50077: (90.91666666666667, 90.91666666666667, True), 50178: (85.33333333333333, 85.33333333333333, True), 50239: (81.75, 81.75, True), 50366: (95.41666666666667, 95.0, False), 50383: (90.25, 90.25, True), 50482: (90.83333333333333, 90.83333333333333, True), 50634: (89.91666666666667, 89.91666666666667, True), 50785: (76.66666666666667, 76.66666666666667, True), 50995: (89.71428571428571, 83.0, False), 50999: (77.28571428571429, 77.28571428571429, True), 51070: (75.66666666666667, 75.66666666666667, True), 51081: (95.0, 95.0, True), 51086: (91.0909090909091, 91.0909090909091, True), 51144: (92.08333333333333, 92.08333333333333, True), 51475: (81.33333333333333, 81.33333333333333, True), 52061: (95.91666666666667, 95.91666666666667, True), 52069: (82.08333333333333, 82.08333333333333, True), 52120: (82.41666666666667, 82.41666666666667, True), 52440: (79.75, 79.75, True), 52865: (82.66666666666667, 82.66666666666667, True), 52914: (82.41666666666667, 82.41666666666667, True), 53209: (94.5, 84.0, False), 53727: (89.0, 89.0, True), 54244: (82.33333333333333, 82.33333333333333, True), 54521: (98.0, 98.0, True), 54563: (90.0, 90.0, True), 54609: (82.25, 82.25, True), 54746: (83.25, 83.25, True), 54844: (79.08333333333333, 79.08333333333333, True), 54873: (78.58333333333333, 78.58333333333333, True), 54933: (74.5, 74.5, True), 55054: (120.0, 112.91666666666667, False), 55055: (120.0, 108.0, False), 55060: (79.08333333333333, 79.08333333333333, True), 55109: (72.3, 72.3, True), 55135: (96.33333333333333, 96.33333333333333, True), 55276: (96.0, 96.0, True), 55578: (84.75, 84.75, True), 55789: (85.16666666666667, 85.16666666666667, True), 55953: (68.58333333333333, 68.58333333333333, True), 56318: (73.75, 73.75, True), 56441: (80.5, 80.5, True), 56462: (75.75, 75.75, True), 56463: (98.75, 108.75, False), 56714: (95.75, 101.0, False), 57083: (83.42857142857143, 83.42857142857143, True), 57100: (99.33333333333333, 111.0, False), 57284: (86.91666666666667, 86.91666666666667, True), 57392: (80.66666666666667, 80.66666666666667, True), 57785: (83.0, 83.0, True), 57786: (83.0, 83.0, True), 57996: (74.91666666666667, 74.91666666666667, True), 58043: (79.75, 79.75, True), 58323: (84.08333333333333, 84.08333333333333, True), 58340: (80.75, 80.75, True), 59047: (78.58333333333333, 78.58333333333333, True), 59072: (94.66666666666667, 94.66666666666667, True), 59141: (89.41666666666667, 89.41666666666667, True), 59184: (90.66666666666667, 90.66666666666667, True), 59251: (76.75, 76.75, True), 59291: (88.0, 88.0, True), 60088: (95.25, 95.25, True), 60289: (95.83333333333333, 95.83333333333333, True), 60463: (87.33333333333333, 87.33333333333333, True), 60558: (95.83333333333333, 95.83333333333333, True), 60644: (89.33333333333333, 89.33333333333333, True), 60933: (95.41666666666667, 95.41666666666667, True), 60955: (86.33333333333333, 86.33333333333333, True), 61075: (91.28571428571429, 91.28571428571429, True), 61109: (81.08333333333333, 81.08333333333333, True), 61484: (90.5, 90.5, True), 61565: (81.25, 81.25, True), 61679: (110.5, 113.0, False), 61682: (108.16666666666667, 106.83333333333333, False), 61750: (77.91666666666667, 77.91666666666667, True), 62266: (72.58333333333333, 72.58333333333333, True), 62350: (89.91666666666667, 89.91666666666667, True), 62353: (85.25, 85.25, True), 62447: (90.25, 90.25, True), 62642: (99.08333333333333, 99.08333333333333, True), 62672: (84.5, 84.5, True), 62710: (91.83333333333333, 91.83333333333333, True), 62735: (85.33333333333333, 85.33333333333333, True), 62986: (86.91666666666667, 86.91666666666667, True), 63135: (99.0, 99.0, True), 63162: (82.66666666666667, 82.66666666666667, True), 63445: (100.91666666666667, 100.91666666666667, True), 63571: (87.91666666666667, 87.91666666666667, True), 63620: (80.33333333333333, 80.33333333333333, True), 63697: (72.75, 72.75, True), 63814: (69.5, 69.5, True), 63864: (84.25, 84.25, True), 64082: (79.28571428571429, 79.28571428571429, True), 64190: (95.33333333333333, 95.33333333333333, True), 64234: (79.6, 79.6, True), 64299: (92.5, 70.0, False), 64301: (78.5, 70.0, False), 64985: (86.33333333333333, 86.33333333333333, True), 65002: (87.83333333333333, 87.83333333333333, True), 65018: (83.125, 83.125, True), 65064: (92.91666666666667, 92.91666666666667, True), 65411: (86.91666666666667, 86.91666666666667, True), 65723: (68.41666666666667, 68.41666666666667, True), 66344: (85.5, 85.5, True), 66597: (75.16666666666667, 75.16666666666667, True), 66683: (89.41666666666667, 89.41666666666667, True), 66805: (95.41666666666667, 95.41666666666667, True), 66852: (92.75, 92.75, True), 67211: (84.08333333333333, 84.08333333333333, True), 67514: (81.66666666666667, 81.66666666666667, True), 68047: (83.25, 83.25, True), 68305: (67.2, 67.2, True), 68548: (94.66666666666667, 94.66666666666667, True), 68820: (96.41666666666667, 96.41666666666667, True), 68881: (92.8, 92.8, True), 69166: (81.5, 81.5, True), 69167: (83.5, 83.5, True), 69263: (78.41666666666667, 78.41666666666667, True), 69277: (88.66666666666667, 88.66666666666667, True), 69515: (94.4, 94.4, True), 69764: (98.75, 98.75, True), 69776: (85.25, 85.25, True), 70019: (90.2, 90.2, True), 70391: (87.66666666666667, 87.66666666666667, True), 70508: (90.41666666666667, 90.41666666666667, True), 70692: (93.33333333333333, 93.33333333333333, True), 70853: (87.58333333333333, 87.58333333333333, True), 71176: (75.88888888888889, 75.88888888888889, True), 71203: (90.08333333333333, 90.08333333333333, True), 71341: (71.25, 71.25, True), 71350: (82.83333333333333, 82.83333333333333, True), 71472: (77.83333333333333, 77.83333333333333, True), 71712: (95.33333333333333, 109.91666666666667, False), 71781: (84.0, 84.0, True), 72108: (95.58333333333333, 85.0, False), 72375: (82.25, 82.25, True), 72878: (85.66666666666667, 85.66666666666667, True), 73022: (69.91666666666667, 69.91666666666667, True), 73030: (85.41666666666667, 85.41666666666667, False), 73275: (79.41666666666667, 79.41666666666667, True), 73326: (92.75, 91.0, False), 73331: (74.08333333333333, 74.08333333333333, True), 73371: (93.0, 89.0, True), 73414: (82.25, 82.25, True), 73529: (92.16666666666667, 88.0, False), 73559: (88.66666666666667, 88.0, False), 73652: (83.71428571428571, 83.71428571428571, True), 73659: (85.83333333333333, 85.83333333333333, True), 73662: (85.83333333333333, 85.83333333333333, True), 73821: (90.16666666666667, 90.16666666666667, True), 74038: (82.16666666666667, 82.16666666666667, True), 74623: (83.33333333333333, 83.33333333333333, True), 74785: (83.5, 83.5, True), 74788: (76.75, 76.75, True), 74816: (84.0, 84.0, True), 75037: (78.5, 78.5, True)}
len(ham_dist_candidates_and_origins)=508
number of corrects: 458
mean of corrects ham dist: 84.75764192139738
max ham dist of corrects: 109.75
number of incorrects: 50
mean of incorrects ham dist: 92.56
min ham dist of incorrects: 69.0
mean of origin incorrects ham dist: 94.98
singleton id: 1368 ; true_algo_ham_mean: 97.83333333333333 ; origin_ham_mean: 81.0909090909091 ; guessed index: AAATTT ; singleton index: GAAATC

singleton id: 6051 ; true_algo_ham_mean: 97.25 ; origin_ham_mean: 77.63636363636364 ; guessed index: AATTTA ; singleton index: ATTAAC

singleton id: 21973 ; true_algo_ham_mean: 98.41666666666667 ; origin_ham_mean: 81.36363636363636 ; guessed index: ATCTTT ; singleton index: AATCTA

singleton id: 22870 ; true_algo_ham_mean: 99.0 ; origin_ham_mean: 70.0 ; guessed index: TATCGC ; singleton index: ATGCCG

singleton id: 31955 ; true_algo_ham_mean: 95.2 ; origin_ham_mean: 80.5 ; guessed index: CATTAA ; singleton index: CAGTCC

singleton id: 33535 ; true_algo_ham_mean: 100.66666666666667 ; origin_ham_mean: 80.0909090909091 ; guessed index: CCAGTA ; singleton index: CGCGAG

singleton id: 37518 ; true_algo_ham_mean: 97.875 ; origin_ham_mean: 77.0 ; guessed index: CCTTTA ; singleton index: TCCTCC

singleton id: 55054 ; true_algo_ham_mean: 120.0 ; origin_ham_mean: 0 ; guessed index: GGAGAT ; singleton index: ACCATA

singleton id: 55055 ; true_algo_ham_mean: 120.0 ; origin_ham_mean: 0 ; guessed index: ACCATA ; singleton index: GGAGAT

singleton id: 56463 ; true_algo_ham_mean: 98.75 ; origin_ham_mean: 73.45454545454545 ; guessed index: GATACA ; singleton index: GCACTA

singleton id: 56714 ; true_algo_ham_mean: 95.75 ; origin_ham_mean: 73.72727272727273 ; guessed index: GATTTT ; singleton index: GGATAT

singleton id: 57100 ; true_algo_ham_mean: 99.33333333333333 ; origin_ham_mean: 77.27272727272727 ; guessed index: GATCTT ; singleton index: CGATTC

singleton id: 61679 ; true_algo_ham_mean: 110.5 ; origin_ham_mean: 78.36363636363636 ; guessed index: AAAAGG ; singleton index: GGCGCT

singleton id: 61682 ; true_algo_ham_mean: 108.16666666666667 ; origin_ham_mean: 78.36363636363636 ; guessed index: AAAAGG ; singleton index: GCGACC

singleton id: 71712 ; true_algo_ham_mean: 95.33333333333333 ; origin_ham_mean: 69.18181818181819 ; guessed index: GTTAGT ; singleton index: TAGTGG

singleton=174; {'origin_mean_ham': 89.0, 'min_mean_ham': 80.0, 'diff': 9.0, 'origin_guessed_index': 'AAAACG', 'winner_guessed_index': 'AAAACG', 'the singleton index': 'CAATAC', 'origin_ed': 3, 'winner_ed': 3, 'diff_ed': 0, 'diff_jacc': 0.0, 'diff_GPM': 0.0}

singleton=1373; {'origin_mean_ham': 93.5, 'min_mean_ham': 92.0, 'diff': 1.5, 'origin_guessed_index': 'AAATTT', 'winner_guessed_index': 'AAATCG', 'the singleton index': 'AAATCC', 'origin_ed': 2, 'winner_ed': 1, 'diff_ed': -1, 'diff_jacc': -20.0, 'diff_GPM': -16.666666666666686}

singleton=3567; {'origin_mean_ham': 105.91666666666667, 'min_mean_ham': 95.0, 'diff': 10.916666666666671, 'origin_guessed_index': 'AAGCAA', 'winner_guessed_index': 'AGTGCA', 'the singleton index': 'AAGCGA', 'origin_ed': 1, 'winner_ed': 3, 'diff_ed': 2, 'diff_jacc': 25.0, 'diff_GPM': 0.0}

singleton=4400; {'origin_mean_ham': 84.08333333333333, 'min_mean_ham': 83.33333333333333, 'diff': 0.75, 'origin_guessed_index': 'AAAGTC', 'winner_guessed_index': 'AAGGTC', 'the singleton index': 'AAGTCC', 'origin_ed': 2, 'winner_ed': 2, 'diff_ed': 0, 'diff_jacc': 13.333333333333329, 'diff_GPM': 0.0}

singleton=9605; {'origin_mean_ham': 87.5, 'min_mean_ham': 74.0, 'diff': 13.5, 'origin_guessed_index': 'ACGATT', 'winner_guessed_index': 'ATGACT', 'the singleton index': 'ACGACA', 'origin_ed': 2, 'winner_ed': 2, 'diff_ed': 0, 'diff_jacc': 21.428571428571427, 'diff_GPM': 0.0}

singleton=9606; {'origin_mean_ham': 82.5, 'min_mean_ham': 74.0, 'diff': 8.5, 'origin_guessed_index': 'ACGATT', 'winner_guessed_index': 'ACGACA', 'the singleton index': 'ATGACT', 'origin_ed': 2, 'winner_ed': 2, 'diff_ed': 0, 'diff_jacc': 14.285714285714281, 'diff_GPM': 33.33333333333334}

singleton=12011; {'origin_mean_ham': 79.75, 'min_mean_ham': 69.0, 'diff': 10.75, 'origin_guessed_index': 'ACTGGT', 'winner_guessed_index': 'ACTGGG', 'the singleton index': 'ACCTGG', 'origin_ed': 2, 'winner_ed': 2, 'diff_ed': 0, 'diff_jacc': -13.333333333333329, 'diff_GPM': 0.0}

singleton=12023; {'origin_mean_ham': 71.58333333333333, 'min_mean_ham': 69.0, 'diff': 2.5833333333333286, 'origin_guessed_index': 'ACTGGT', 'winner_guessed_index': 'ACCTGG', 'the singleton index': 'ACTGGG', 'origin_ed': 1, 'winner_ed': 2, 'diff_ed': 1, 'diff_jacc': 0.0, 'diff_GPM': 0.0}

singleton=13249; {'origin_mean_ham': 94.08333333333333, 'min_mean_ham': 90.0, 'diff': 4.083333333333329, 'origin_guessed_index': 'AGAAGT', 'winner_guessed_index': 'GATGCT', 'the singleton index': 'AGACGT', 'origin_ed': 1, 'winner_ed': 3, 'diff_ed': 2, 'diff_jacc': 38.888888888888886, 'diff_GPM': 0.0}

singleton=13686; {'origin_mean_ham': 95.41666666666667, 'min_mean_ham': 95.0, 'diff': 0.4166666666666714, 'origin_guessed_index': 'AGAGGT', 'winner_guessed_index': 'AGGAGC', 'the singleton index': 'AGAGGT', 'origin_ed': 0, 'winner_ed': 3, 'diff_ed': 3, 'diff_jacc': 40.0, 'diff_GPM': 16.666666666666657}

singleton=14180; {'origin_mean_ham': 96.33333333333333, 'min_mean_ham': 94.0, 'diff': 2.3333333333333286, 'origin_guessed_index': 'AGATTC', 'winner_guessed_index': 'CGGAAG', 'the singleton index': 'AGTTCT', 'origin_ed': 2, 'winner_ed': 5, 'diff_ed': 3, 'diff_jacc': 31.746031746031743, 'diff_GPM': 33.33333333333334}

singleton=19284; {'origin_mean_ham': 98.08333333333333, 'min_mean_ham': 90.0, 'diff': 8.083333333333329, 'origin_guessed_index': 'ATAAAA', 'winner_guessed_index': 'TATAAC', 'the singleton index': 'ATAAAT', 'origin_ed': 1, 'winner_ed': 3, 'diff_ed': 2, 'diff_jacc': 25.0, 'diff_GPM': 0.0}

singleton=20359; {'origin_mean_ham': 91.0, 'min_mean_ham': 78.66666666666667, 'diff': 12.333333333333329, 'origin_guessed_index': 'ATATCC', 'winner_guessed_index': 'ATATCA', 'the singleton index': 'ATATCA', 'origin_ed': 1, 'winner_ed': 0, 'diff_ed': -1, 'diff_jacc': -40.0, 'diff_GPM': -16.666666666666657}

singleton=21709; {'origin_mean_ham': 97.08333333333333, 'min_mean_ham': 93.5, 'diff': 3.5833333333333286, 'origin_guessed_index': 'ATCGGC', 'winner_guessed_index': 'ATGCGG', 'the singleton index': 'ATCGAC', 'origin_ed': 1, 'winner_ed': 3, 'diff_ed': 2, 'diff_jacc': 17.857142857142854, 'diff_GPM': 16.666666666666686}

singleton=25448; {'origin_mean_ham': 96.5, 'min_mean_ham': 95.0, 'diff': 1.5, 'origin_guessed_index': 'ATTTTT', 'winner_guessed_index': 'CCGCCG', 'the singleton index': 'ATTTTA', 'origin_ed': 1, 'winner_ed': 6, 'diff_ed': 5, 'diff_jacc': 66.66666666666667, 'diff_GPM': 83.33333333333334}

singleton=35363; {'origin_mean_ham': 95.0, 'min_mean_ham': 90.0, 'diff': 5.0, 'origin_guessed_index': 'CCCCTC', 'winner_guessed_index': 'CCCTTT', 'the singleton index': 'CCCTCT', 'origin_ed': 2, 'winner_ed': 1, 'diff_ed': -1, 'diff_jacc': 50.0, 'diff_GPM': 0.0}

singleton=35573; {'origin_mean_ham': 103.08333333333333, 'min_mean_ham': 90.0, 'diff': 13.083333333333329, 'origin_guessed_index': 'CCCTTT', 'winner_guessed_index': 'CCCTTT', 'the singleton index': 'CCCTTT', 'origin_ed': 0, 'winner_ed': 0, 'diff_ed': 0, 'diff_jacc': 0.0, 'diff_GPM': 0.0}

singleton=39564; {'origin_mean_ham': 95.08333333333333, 'min_mean_ham': 89.0, 'diff': 6.083333333333329, 'origin_guessed_index': 'CGACGC', 'winner_guessed_index': 'CGACGC', 'the singleton index': 'CGACGA', 'origin_ed': 1, 'winner_ed': 1, 'diff_ed': 0, 'diff_jacc': 0.0, 'diff_GPM': 0.0}

singleton=39591; {'origin_mean_ham': 89.41666666666667, 'min_mean_ham': 89.0, 'diff': 0.4166666666666714, 'origin_guessed_index': 'CGACGC', 'winner_guessed_index': 'CGACGA', 'the singleton index': 'CGACGC', 'origin_ed': 0, 'winner_ed': 1, 'diff_ed': 1, 'diff_jacc': 25.0, 'diff_GPM': 16.666666666666657}

singleton=39926; {'origin_mean_ham': 95.41666666666667, 'min_mean_ham': 95.0, 'diff': 0.4166666666666714, 'origin_guessed_index': 'CGAGGG', 'winner_guessed_index': 'AGATGA', 'the singleton index': 'CCGAGG', 'origin_ed': 2, 'winner_ed': 4, 'diff_ed': 2, 'diff_jacc': 51.42857142857143, 'diff_GPM': 33.33333333333334}

singleton=42156; {'origin_mean_ham': 100.08333333333333, 'min_mean_ham': 98.0, 'diff': 2.0833333333333286, 'origin_guessed_index': 'CGGAGG', 'winner_guessed_index': 'CGTCAG', 'the singleton index': 'CGGGAG', 'origin_ed': 2, 'winner_ed': 2, 'diff_ed': 0, 'diff_jacc': 75.0, 'diff_GPM': 33.33333333333334}

singleton=46419; {'origin_mean_ham': 95.0, 'min_mean_ham': 93.0, 'diff': 2.0, 'origin_guessed_index': 'CCATTA', 'winner_guessed_index': 'AGGCCC', 'the singleton index': 'CTATTA', 'origin_ed': 1, 'winner_ed': 6, 'diff_ed': 5, 'diff_jacc': 50.0, 'diff_GPM': 50.000000000000014}

singleton=48346; {'origin_mean_ham': 93.66666666666667, 'min_mean_ham': 93.0, 'diff': 0.6666666666666714, 'origin_guessed_index': 'CTGAAA', 'winner_guessed_index': 'CCGAGA', 'the singleton index': 'CTGAGT', 'origin_ed': 2, 'winner_ed': 2, 'diff_ed': 0, 'diff_jacc': 21.428571428571427, 'diff_GPM': 0.0}

singleton=49414; {'origin_mean_ham': 91.16666666666667, 'min_mean_ham': 86.0, 'diff': 5.166666666666671, 'origin_guessed_index': 'CTGTAG', 'winner_guessed_index': 'CCTGTA', 'the singleton index': 'CGTGTT', 'origin_ed': 3, 'winner_ed': 2, 'diff_ed': -1, 'diff_jacc': 0.0, 'diff_GPM': 16.666666666666686}

singleton=49487; {'origin_mean_ham': 108.41666666666667, 'min_mean_ham': 102.0, 'diff': 6.416666666666671, 'origin_guessed_index': 'CTGTCG', 'winner_guessed_index': 'CTGTCC', 'the singleton index': 'CTGTCG', 'origin_ed': 0, 'winner_ed': 1, 'diff_ed': 1, 'diff_jacc': 33.33333333333333, 'diff_GPM': 16.666666666666657}

singleton=50366; {'origin_mean_ham': 95.41666666666667, 'min_mean_ham': 95.0, 'diff': 0.4166666666666714, 'origin_guessed_index': 'CTTCCC', 'winner_guessed_index': 'CATCAG', 'the singleton index': 'CTTCCT', 'origin_ed': 1, 'winner_ed': 3, 'diff_ed': 2, 'diff_jacc': 87.5, 'diff_GPM': 33.33333333333334}

singleton=50995; {'origin_mean_ham': 89.71428571428571, 'min_mean_ham': 83.0, 'diff': 6.714285714285708, 'origin_guessed_index': 'CTTTAA', 'winner_guessed_index': 'CTTTAT', 'the singleton index': 'CTTTTA', 'origin_ed': 1, 'winner_ed': 2, 'diff_ed': 1, 'diff_jacc': 0.0, 'diff_GPM': -16.666666666666657}

singleton=53209; {'origin_mean_ham': 94.5, 'min_mean_ham': 84.0, 'diff': 10.5, 'origin_guessed_index': 'GACAAG', 'winner_guessed_index': 'AGACAA', 'the singleton index': 'GACAAG', 'origin_ed': 0, 'winner_ed': 2, 'diff_ed': 2, 'diff_jacc': 0.0, 'diff_GPM': 16.666666666666657}

singleton=64299; {'origin_mean_ham': 92.5, 'min_mean_ham': 70.0, 'diff': 22.5, 'origin_guessed_index': 'GAAGGC', 'winner_guessed_index': 'AGGGGA', 'the singleton index': 'GTGAAG', 'origin_ed': 4, 'winner_ed': 4, 'diff_ed': 0, 'diff_jacc': 9.523809523809518, 'diff_GPM': 0.0}

singleton=64301; {'origin_mean_ham': 78.5, 'min_mean_ham': 70.0, 'diff': 8.5, 'origin_guessed_index': 'GAAGGC', 'winner_guessed_index': 'GTGAAG', 'the singleton index': 'AGGGGA', 'origin_ed': 4, 'winner_ed': 4, 'diff_ed': 0, 'diff_jacc': 35.0, 'diff_GPM': 0.0}

singleton=72108; {'origin_mean_ham': 95.58333333333333, 'min_mean_ham': 85.0, 'diff': 10.583333333333329, 'origin_guessed_index': 'GTCCAA', 'winner_guessed_index': 'CCTGGT', 'the singleton index': 'GGTCAA', 'origin_ed': 2, 'winner_ed': 5, 'diff_ed': 3, 'diff_jacc': 41.66666666666667, 'diff_GPM': 16.666666666666686}

singleton=73030; {'origin_mean_ham': 85.41666666666667, 'min_mean_ham': 85.41666666666667, 'diff': 0.0, 'origin_guessed_index': 'GTCGAA', 'winner_guessed_index': 'GTCGAA', 'the singleton index': 'GTGCAT', 'origin_ed': 3, 'winner_ed': 3, 'diff_ed': 0, 'diff_jacc': 0.0, 'diff_GPM': 0.0}

singleton=73326; {'origin_mean_ham': 92.75, 'min_mean_ham': 91.0, 'diff': 1.75, 'origin_guessed_index': 'GTCGGT', 'winner_guessed_index': 'AGACGG', 'the singleton index': 'GATCGG', 'origin_ed': 2, 'winner_ed': 2, 'diff_ed': 0, 'diff_jacc': 7.142857142857146, 'diff_GPM': 0.0}

singleton=73529; {'origin_mean_ham': 92.16666666666667, 'min_mean_ham': 88.0, 'diff': 4.166666666666671, 'origin_guessed_index': 'GTCTGA', 'winner_guessed_index': 'GTTCTG', 'the singleton index': 'GTGCTG', 'origin_ed': 2, 'winner_ed': 1, 'diff_ed': -1, 'diff_jacc': 0.0, 'diff_GPM': 0.0}

singleton=73559; {'origin_mean_ham': 88.66666666666667, 'min_mean_ham': 88.0, 'diff': 0.6666666666666714, 'origin_guessed_index': 'GTCTGA', 'winner_guessed_index': 'GTGCTG', 'the singleton index': 'GTTCTG', 'origin_ed': 2, 'winner_ed': 1, 'diff_ed': -1, 'diff_jacc': 16.66666666666667, 'diff_GPM': 0.0}

sorted(diff_ed_dict.items(), reverse=False, key=lambda x: x[0])=[(-1, 6), (0, 13), (1, 4), (2, 7), (3, 3), (5, 2)]
sorted(diff_jac_dict.items(), reverse=True, key=lambda x: x[0])=[(87.5, 1), (75.0, 1), (66.66666666666667, 1), (51.42857142857143, 1), (50.0, 2), (41.66666666666667, 1), (40.0, 1), (38.888888888888886, 1), (35.0, 1), (33.33333333333333, 1), (31.746031746031743, 1), (25.0, 3), (21.428571428571427, 2), (17.857142857142854, 1), (16.66666666666667, 1), (14.285714285714281, 1), (13.333333333333329, 1), (9.523809523809518, 1), (7.142857142857146, 1), (0.0, 9), (-13.333333333333329, 1), (-20.0, 1), (-40.0, 1)]
sorted(diff_gpm_dict.items(), reverse=True, key=lambda x: x[0])=[(83.33333333333334, 1), (50.000000000000014, 1), (33.33333333333334, 5), (16.666666666666686, 3), (16.666666666666657, 4), (0.0, 18), (-16.666666666666657, 2), (-16.666666666666686, 1)]
[26, 25, 22, 22, 20, 18, 18, 17, 15, 14, 14, 14, 13, 13, 13, 12, 12, 12, 12, 11, 11, 11, 11, 10, 10, 9, 8, 8, 7, 7, 7, 6, 6, 6, 6, 5, 5, 5, 4, 4, 4, 4, 4, 3, 3, 3, 3, 3, 3, 3, 3, 3, 3, 3, 3, 3, 2, 2, 2, 2, 2, 2, 2, 2, 2, 2, 2, 2, 2, 2, 2, 2, 2, 2, 2, 2, 2, 2, 2, 2, 2, 2, 2, 2, 2, 2, 2, 2, 2, 2, 2, 2, 2, 2, 2, 2, 2, 2, 2, 2, 2, 2, 2, 2, 2, 2, 2, 2, 2, 2, 2, 2, 2, 2, 2, 2, 2, 2, 2, 2, 2, 2, 2, 2, 2, 2, 2, 2, 2, 2, 1, 1, 1, 1, 1, 1, 1, 1, 1, 1, 1, 1, 1, 1, 1, 1, 1, 1, 1, 1, 1, 1, 1, 1, 1, 1, 1, 1, 1, 1, 1, 1, 1, 1, 1, 1, 1, 1, 1, 1, 1, 1, 1, 1, 1, 1, 1, 1, 1, 1, 1, 1, 1, 1, 1, 1, 1, 1, 1, 1, 1, 1, 1, 1, 1, 1, 1, 1, 1, 1, 1, 1, 1, 1, 1, 1, 1, 1, 1, 1, 1, 1, 1, 1, 1, 1, 1, 1, 1, 1, 1, 1, 1, 1, 1, 1, 1, 1, 1, 1, 1, 1, 1, 1, 1, 1, 1, 1, 1, 1, 1, 1, 1, 1, 1, 1, 1, 1, 1, 1, 1, 1, 1, 1, 1, 1, 1, 1, 1, 1, 1, 1, 1, 1, 1, 1, 1, 1, 1, 1, 1, 1, 1, 1, 1, 1, 1, 1, 1, 1, 1, 1, 1, 1, 1, 1, 1, 1, 1, 1, 1, 1, 1, 1, 1, 1, 1, 1, 1, 1, 1, 1, 1, 1, 1, 1, 1, 1, 1, 1, 1, 1, 1, 1, 1, 1, 1, 1, 1, 1, 1, 1, 1, 1, 1, 1, 1, 1, 1, 1, 1, 1, 1, 1, 1, 1, 1, 1, 1, 1, 1, 1, 1, 1, 1, 1, 1, 1, 1, 1, 1, 1, 1, 1, 1, 1, 1, 1, 1, 1, 1, 1, 1, 1, 1, 1, 1, 1, 1, 1, 1, 1, 1, 1, 1, 1, 1, 1, 1, 1, 1, 1, 1, 1, 1, 1, 1, 1, 1, 1, 1, 1, 1, 1, 1, 1, 1, 1, 1, 1, 1, 1, 1, 1, 1, 1, 1, 1, 1, 1, 1, 1, 1, 1, 1, 1, 1, 1, 1, 1, 1, 1, 1, 1, 1, 1, 1, 1, 1, 1, 1, 1, 1, 1, 1, 1, 1, 1, 1, 1, 1, 1, 1, 1, 1, 1, 1, 1, 1, 1, 1, 1, 1, 1, 1, 1, 1, 1, 1, 1, 1, 1, 1, 1, 1, 1, 1, 1, 1, 1, 1, 1, 1, 1, 1, 1, 1, 1, 1, 1, 1, 1, 1, 1, 1, 1, 1, 1, 1, 1, 1, 1, 1, 1, 1, 1, 1, 1, 1, 1, 1, 1, 1, 1, 1, 1, 1, 1, 1, 1, 1, 1, 1, 1, 1, 1, 1, 1, 1, 1, 1, 1, 1, 1, 1, 1, 1, 1, 1, 1, 1, 1, 1, 1, 1, 1, 1, 1, 1, 1, 1, 1, 1, 1, 1, 1, 1, 1, 1, 1, 1, 1, 1, 1, 1, 1, 1, 1, 1, 1, 1, 1, 1, 1, 1, 1, 1, 1]
max(list(true_candidates_len_dict.values()))=26
np.mean(list(true_candidates_len_dict.values()))=1.9471830985915493

count_how_many_candidates_we_missed=15
count_missed_in_true_candidates=15

summery:
The total number of unwanted unions is 24
The total number of unwanted singletons is 508
The total number of clusters with unwanted rebellious reads is 46
The avg size of unwanted rebellious reads in a cluster is 1.3913

acc_ver_0 = 0.7570

summery:
The total number of unwanted unions is 5
The total number of unwanted singletons is 508
The total number of clusters with unwanted rebellious reads is 44
The avg size of unwanted rebellious reads in a cluster is 1.2955

acc_ver_1_5 = 0.7657

summery:
The total number of unwanted unions is 12
The total number of unwanted singletons is 63
The total number of clusters with unwanted rebellious reads is 49
The avg size of unwanted rebellious reads in a cluster is 1.2653

acc_ver_2 = 0.8800

