#################################################
               handle_unions_log                 
#################################################
{587: (0.3055555555555556, 11, 36), 2381: (0.9642857142857143, 27, 28)}
len(cluster1)=11
len(cluster2)=27
{738: (1.0, 23, 23), 2855: (0.023809523809523808, 1, 42)}
len(cluster1)=1
len(cluster2)=23
{1118: (0.07692307692307693, 1, 13), 2049: (1.0, 25, 25)}
len(cluster1)=25
len(cluster2)=1
{1174: (1.0, 46, 46), 1371: (0.23076923076923078, 3, 13)}
len(cluster1)=46
len(cluster2)=3
{1583: (0.043478260869565216, 1, 23), 2705: (1.0, 22, 22)}
len(cluster1)=1
len(cluster2)=22
{1621: (0.06666666666666667, 3, 45), 1812: (0.9583333333333334, 23, 24)}
len(cluster1)=23
len(cluster2)=3
count_wrong=6
count_right=19

#################################################
               handle_singletons_log             
#################################################
count_true_unwanted_singletons=456
len(singletons)=504
singleton_cluster_id=364 ; value=(0.9642857142857143, 27, 28)
true algo cluster = 363 ; len = 68 ; candidates = [11, 23, 62, 64, 65, 66, 67, 68, 77, 89, 96, 138, 232, 235, 236, 237, 238, 244, 250, 301, 302, 303, 304, 305, 306, 307, 308, 309, 312, 315, 317, 322, 323, 324, 328, 332, 333, 336, 337, 340, 343, 345, 346, 351, 355, 357, 361, 362, 365, 366, 367, 370, 371, 373, 379, 380, 381, 382, 385, 391, 392, 400, 443, 445, 449, 451, 453, 457, 469, 479, 480, 485, 504, 521, 522, 530, 542, 543, 546, 547, 548, 549, 552, 556, 557, 559, 577, 578, 582, 597, 598, 600, 601, 602, 603, 607, 616, 617, 620, 633, 668, 670, 671, 684, 689, 691, 712, 832, 860, 915, 933, 936, 965, 974, 994, 995, 998, 999, 1001, 1022, 1023, 1027, 1064, 1142, 1168, 1175, 1216, 1309, 1322, 1377, 1388, 1459, 1462, 1463, 1464, 1466, 1468, 1473, 1489, 1501, 1515, 1516, 1519, 1534, 1569, 1586, 1587, 1590, 1596, 1597, 1601, 1705, 1744, 1769, 1899, 2191, 2492, 2517, 2527, 2582, 2732, 2735, 2736, 2737, 2760, 2769, 2781, 2782, 2783, 2784, 2785, 2788, 2793, 2858, 2892, 2932, 2993, 3083, 3110, 3371, 3524]
singleton cluster id: 364 ; true_algo_ham_mean: 99.75 ; origin_ham_mean: 107.9090909090909 ; guessed index: GAAATG ; singleton index: ACATAC

singleton_cluster_id=675 ; value=(0.9629629629629629, 26, 27)
true algo cluster = 674 ; len = 26 ; candidates = [32, 34, 110, 130, 188, 199, 241, 251, 257, 258, 264, 268, 274, 276, 277, 477, 570, 596, 645, 979, 1039, 1047, 1051, 1053, 1055, 1056, 1060, 1071, 1076, 1114, 1117, 1118, 1139, 1189, 1219, 1334, 1335, 1413, 1467, 1482, 1484, 1486, 1488, 1498, 1508, 1509, 1526, 1869, 1908, 1911, 2093, 2254, 2389, 2390, 2446, 2457, 2465, 2466, 2468, 2469, 2472, 2483, 2485, 2497, 2511, 2520, 2521, 2522, 2538, 2540, 2541, 2543, 2544, 2550, 2554, 2557, 2558, 2559, 2560, 2561, 2562, 2578, 2580, 2584, 2598, 2608, 2611, 2618, 2619, 2620, 2621, 2629, 2639, 2653, 2655, 2657, 2665, 2670, 2672, 2673, 2674, 2680, 2682, 2683, 2684, 2686, 2687, 2688, 2689, 2690, 2691, 2692, 2693, 2694, 2695, 2700, 2701, 2704, 2706, 2707, 2708, 2709, 2710, 2713, 2716, 2721, 2723, 2724, 2761, 2833, 2870, 2909, 2961, 2972, 2975, 2978, 2979, 2980, 2981, 2982, 2997, 3011, 3053, 3055, 3056, 3091, 3130, 3131, 3154, 3250, 3260, 3268, 3269, 3270, 3275, 3286, 3289, 3291, 3308, 3343, 3362, 3380, 3381, 3382, 3399, 3421, 3423, 3427, 3428, 3429, 3430, 3431, 3434, 3448, 3489, 3497, 3539]
singleton cluster id: 675 ; true_algo_ham_mean: 95.58333333333333 ; origin_ham_mean: 83.9090909090909 ; guessed index: AGATTG ; singleton index: GATCGG

singleton_cluster_id=1071 ; value=(0.967741935483871, 30, 31)
true algo cluster = 1070 ; len = 30 ; candidates = [1, 37, 140, 143, 151, 254, 263, 264, 265, 283, 290, 291, 296, 298, 573, 574, 596, 675, 676, 684, 886, 891, 894, 1059, 1064, 1068, 1072, 1073, 1112, 1120, 1269, 1326, 1337, 1368, 1473, 1477, 1481, 1486, 1491, 1530, 1589, 1796, 1874, 1905, 1907, 1909, 2382, 2393, 2394, 2396, 2449, 2455, 2456, 2459, 2461, 2462, 2467, 2470, 2471, 2472, 2473, 2488, 2496, 2503, 2517, 2527, 2530, 2535, 2536, 2539, 2541, 2542, 2543, 2544, 2546, 2554, 2561, 2567, 2570, 2571, 2572, 2573, 2574, 2576, 2578, 2580, 2582, 2584, 2586, 2594, 2611, 2614, 2615, 2619, 2622, 2623, 2624, 2625, 2642, 2647, 2652, 2654, 2655, 2664, 2668, 2669, 2671, 2675, 2676, 2678, 2679, 2680, 2682, 2683, 2684, 2685, 2686, 2687, 2688, 2689, 2690, 2691, 2692, 2693, 2694, 2695, 2696, 2705, 2708, 2711, 2712, 2713, 2718, 2719, 2720, 2723, 2725, 2726, 2727, 2729, 2785, 2788, 2791, 2806, 2862, 2864, 2870, 2971, 2979, 2981, 2982, 2984, 2985, 2986, 3000, 3007, 3010, 3059, 3086, 3087, 3088, 3089, 3093, 3206, 3254, 3262, 3263, 3264, 3265, 3269, 3272, 3274, 3275, 3276, 3302, 3303, 3312, 3376, 3377, 3385, 3408, 3435, 3440, 3444, 3447, 3451, 3452, 3518, 3539, 3545]
singleton cluster id: 1071 ; true_algo_ham_mean: 103.58333333333333 ; origin_ham_mean: 81.9090909090909 ; guessed index: ATTTTC ; singleton index: GATCTC

singleton_cluster_id=1791 ; value=(0.6666666666666666, 2, 3)
true algo cluster = 1792 ; len = 2 ; candidates = [430, 600, 602, 644, 885, 1038, 1054, 1060, 1073, 1112, 1170, 1183, 1186, 1187, 1188, 1189, 1190, 1201, 1225, 1255, 1276, 1335, 1355, 1468, 1477, 1478, 1480, 1481, 1484, 1486, 1487, 1488, 1490, 1491, 1496, 1498, 1501, 1503, 1507, 1511, 1520, 1521, 1522, 1560, 1647, 1713, 1731, 1775, 1783, 1787, 1788, 1790, 1794, 1796, 1813, 1827, 1832, 1945, 1949, 1963, 1989, 2021, 2071, 2087, 2088, 2091, 2092, 2093, 2094, 2104, 2122, 2123, 2126, 2145, 2153, 2156, 2158, 2163, 2167, 2168, 2180, 2196, 2200, 2228, 2229, 2234, 2236, 2237, 2238, 2239, 2241, 2244, 2247, 2248, 2249, 2250, 2251, 2252, 2254, 2258, 2267, 2269, 2299, 2301, 2302, 2305, 2306, 2307, 2324, 2328, 2339, 2341, 2354, 2359, 2360, 2361, 2362, 2365, 2366, 2368, 2371, 2376, 2377, 2379, 2380, 2381, 2382, 2384, 2385, 2386, 2387, 2388, 2389, 2390, 2391, 2392, 2393, 2394, 2396, 2398, 2400, 2401, 2403, 2405, 2406, 2407, 2408, 2409, 2410, 2414, 2422, 2423, 2426, 2427, 2428, 2689, 2974, 2979, 3008, 3009, 3012, 3269, 3344, 3345, 3360, 3414, 3428, 3488, 3525]
singleton cluster id: 1791 ; true_algo_ham_mean: 105.0 ; origin_ham_mean: 84.0 ; guessed index: CCTGCC ; singleton index: CTTCGC

singleton_cluster_id=1799 ; value=(0.5555555555555556, 5, 9)
true algo cluster = 1797 ; len = 46 ; candidates = [353, 370, 390, 405, 408, 409, 410, 414, 418, 419, 427, 448, 449, 450, 451, 453, 457, 491, 582, 600, 602, 754, 1193, 1261, 1296, 1313, 1326, 1329, 1337, 1346, 1365, 1366, 1367, 1368, 1369, 1370, 1377, 1443, 1480, 1485, 1493, 1520, 1521, 1538, 1539, 1551, 1554, 1555, 1556, 1557, 1566, 1573, 1588, 1590, 1593, 1596, 1597, 1601, 1606, 1609, 1610, 1611, 1612, 1613, 1620, 1623, 1624, 1625, 1626, 1627, 1628, 1629, 1630, 1631, 1632, 1633, 1634, 1636, 1637, 1638, 1641, 1643, 1646, 1647, 1648, 1649, 1659, 1663, 1665, 1666, 1667, 1668, 1669, 1670, 1671, 1672, 1673, 1675, 1677, 1678, 1679, 1680, 1681, 1682, 1689, 1703, 1705, 1707, 1708, 1709, 1710, 1711, 1714, 1717, 1730, 1733, 1744, 1748, 1749, 1752, 1754, 1762, 1763, 1765, 1769, 1770, 1776, 1782, 1783, 1786, 1787, 1788, 1789, 1792, 1793, 1796, 1798, 1806, 1807, 1808, 1822, 1825, 1826, 1827, 1828, 1831, 1832, 1837, 1838, 1865, 1922, 1924, 1943, 1944, 1952, 1953, 1960, 1961, 1965, 1976, 1979, 1983, 1986, 2053, 2056, 2071, 2087, 2122, 2196, 2215, 2218, 2220, 2233, 2234, 2236, 2241, 2267, 2268, 2269, 2275, 2341, 2381, 2386, 2422, 2423, 2573, 2574, 2786, 2788, 2807, 2828, 2829, 2839, 2844, 2845, 2847, 2858, 2859, 2863, 2864, 2865, 2866, 2868, 2873, 2938, 2967, 2974, 2976, 3008, 3110, 3135, 3162, 3164, 3385, 3444, 3535, 3537, 3541]
singleton cluster id: 1799 ; true_algo_ham_mean: 105.33333333333333 ; origin_ham_mean: 77.0909090909091 ; guessed index: CCTCTT ; singleton index: CCCTCC

singleton_cluster_id=1897 ; value=(0.9545454545454546, 21, 22)
true algo cluster = 3540 ; len = 22 ; candidates = [174, 179, 324, 387, 401, 478, 483, 485, 486, 487, 488, 492, 496, 500, 502, 564, 707, 715, 733, 793, 1108, 1129, 1212, 1396, 1397, 1404, 1617, 1622, 1687, 1702, 1706, 1720, 1721, 1727, 1785, 1883, 1933, 1934, 1936, 1937, 1957, 1978, 1991, 2014, 2458, 2504, 2526, 2533, 2551, 2552, 2555, 2600, 2608, 2610, 2616, 2621, 2624, 2625, 2630, 2677, 2734, 2744, 2747, 2749, 2750, 2752, 2753, 2754, 2760, 2762, 2766, 2767, 2771, 2784, 2790, 2794, 2802, 2804, 2806, 2810, 2813, 2814, 2815, 2816, 2817, 2818, 2819, 2820, 2822, 2823, 2824, 2835, 2836, 2837, 2838, 2843, 2854, 2876, 2878, 2880, 2882, 2885, 2890, 2891, 2894, 2895, 2896, 2897, 2898, 2899, 2900, 2901, 2902, 2903, 2904, 2905, 2906, 2907, 2909, 2912, 2913, 2915, 2916, 2917, 2918, 2921, 2927, 2929, 2930, 2932, 2935, 2936, 2939, 2943, 2946, 2947, 2948, 2949, 2954, 2959, 2966, 2969, 2970, 2971, 2972, 2985, 2986, 2994, 3006, 3038, 3097, 3100, 3103, 3106, 3109, 3111, 3112, 3114, 3120, 3134, 3137, 3143, 3144, 3147, 3172, 3177, 3178, 3189, 3190, 3193, 3195, 3200, 3204, 3208, 3213, 3228, 3261, 3267, 3392, 3424, 3425, 3461, 3480, 3481, 3482, 3486, 3494, 3499, 3516, 3527, 3534, 3543]
singleton cluster id: 1897 ; true_algo_ham_mean: 101.66666666666667 ; origin_ham_mean: 83.81818181818181 ; guessed index: GGGGCA ; singleton index: GCGCAT

singleton_cluster_id=2075 ; value=(0.5, 1, 2)
true algo cluster = 2076 ; len = 1 ; candidates = [163, 175, 499, 504, 510, 623, 638, 642, 643, 650, 651, 667, 704, 771, 772, 774, 775, 776, 777, 802, 826, 841, 968, 1243, 1254, 1266, 1279, 1349, 1385, 1386, 1387, 1389, 1395, 1397, 1398, 1409, 1446, 1447, 1466, 1540, 1558, 1567, 1613, 1622, 1687, 1689, 1690, 1692, 1699, 1721, 1727, 1732, 1748, 1752, 1772, 1846, 1848, 1849, 1851, 1852, 1856, 1861, 1862, 1866, 1870, 1871, 1872, 1874, 1875, 1876, 1877, 1878, 1882, 1917, 1923, 1924, 1925, 1927, 1933, 1936, 1938, 1942, 1947, 1954, 1959, 1980, 1981, 1983, 1993, 1995, 1997, 1998, 1999, 2000, 2001, 2003, 2004, 2005, 2007, 2008, 2009, 2011, 2012, 2014, 2015, 2016, 2017, 2019, 2020, 2023, 2024, 2026, 2027, 2028, 2033, 2034, 2035, 2036, 2038, 2047, 2049, 2051, 2052, 2053, 2055, 2056, 2062, 2065, 2066, 2070, 2073, 2080, 2081, 2082, 2086, 2090, 2096, 2098, 2102, 2114, 2120, 2170, 2193, 2281, 2282, 2283, 2284, 2285, 2291, 2295, 2304, 2311, 2316, 2349, 2397, 2575, 2599, 2604, 2643, 2764, 2884, 2907, 2917, 2921, 3029, 3038, 3046, 3052, 3057, 3058, 3060, 3061, 3071, 3088, 3095, 3106, 3116, 3134, 3158, 3177, 3178, 3181, 3182, 3187, 3190, 3192, 3200, 3205, 3217, 3232, 3267, 3358, 3372, 3465]
singleton cluster id: 2075 ; true_algo_ham_mean: 105.0 ; origin_ham_mean: 0 ; guessed index: GTTATG ; singleton index: CGGACT

singleton_cluster_id=2076 ; value=(0.5, 1, 2)
true algo cluster = 2075 ; len = 1 ; candidates = [245, 363, 551, 558, 596, 930, 1002, 1004, 1025, 1075, 1100, 1150, 1160, 1161, 1167, 1171, 1177, 1178, 1194, 1214, 1589, 2119, 2127, 2132, 2150, 2227, 2294, 2342, 2345, 2355, 2357, 2359, 2360, 2364, 2365, 2366, 2368, 2371, 2373, 2374, 2395, 2413, 2425, 2432, 2489, 2505, 2655, 2670, 2672, 2673, 2674, 2675, 2676, 2678, 2695, 2713, 2716, 2717, 2722, 2794, 2953, 2961, 2962, 2965, 2968, 3001, 3005, 3006, 3013, 3014, 3018, 3040, 3090, 3112, 3250, 3252, 3253, 3254, 3256, 3275, 3309, 3310, 3313, 3314, 3319, 3321, 3324, 3326, 3327, 3331, 3332, 3333, 3335, 3347, 3348, 3360, 3362, 3367, 3368, 3373, 3374, 3378, 3379, 3380, 3381, 3382, 3386, 3391, 3395, 3396, 3398, 3399, 3401, 3403, 3404, 3428, 3437, 3441, 3442, 3452, 3453, 3458, 3459, 3460, 3470, 3473, 3474, 3475, 3476, 3490, 3511, 3518, 3528, 3545]
singleton cluster id: 2076 ; true_algo_ham_mean: 105.0 ; origin_ham_mean: 0 ; guessed index: CGGACT ; singleton index: GTTATG

singleton_cluster_id=2405 ; value=(0.6666666666666666, 2, 3)
true algo cluster = 2404 ; len = 26 ; candidates = [199, 589, 608, 939, 984, 1051, 1115, 1116, 1123, 1128, 1139, 1150, 1167, 1185, 1200, 1203, 1205, 1209, 1278, 1412, 1417, 1427, 1451, 1478, 1482, 1487, 1497, 1500, 1502, 1506, 1508, 1509, 1511, 1512, 1522, 1526, 1574, 1694, 1750, 1771, 1791, 1792, 1793, 1806, 1809, 1810, 1811, 1812, 1813, 1814, 1815, 1816, 1827, 1832, 1833, 1834, 1964, 2020, 2036, 2089, 2101, 2103, 2105, 2106, 2108, 2109, 2110, 2111, 2123, 2126, 2141, 2159, 2161, 2165, 2168, 2176, 2178, 2179, 2181, 2182, 2183, 2197, 2199, 2200, 2201, 2229, 2244, 2245, 2247, 2248, 2250, 2251, 2254, 2255, 2256, 2259, 2260, 2264, 2269, 2272, 2286, 2288, 2298, 2299, 2303, 2305, 2306, 2307, 2309, 2311, 2312, 2313, 2317, 2319, 2321, 2322, 2323, 2325, 2326, 2339, 2342, 2344, 2345, 2355, 2358, 2359, 2360, 2364, 2365, 2366, 2367, 2368, 2378, 2379, 2380, 2381, 2384, 2385, 2386, 2387, 2388, 2389, 2390, 2391, 2392, 2395, 2397, 2398, 2399, 2400, 2401, 2402, 2403, 2406, 2407, 2408, 2409, 2410, 2411, 2412, 2413, 2414, 2415, 2419, 2422, 2423, 2424, 2425, 2427, 2432, 2704, 2992, 3009, 3011, 3012, 3284, 3347, 3359, 3362, 3427, 3492, 3537, 3542]
singleton cluster id: 2405 ; true_algo_ham_mean: 119.5 ; origin_ham_mean: 79.18181818181819 ; guessed index: GTCAGA ; singleton index: CTTGCG

singleton_cluster_id=2575 ; value=(0.967741935483871, 30, 31)
true algo cluster = 2574 ; len = 30 ; candidates = [51, 174, 191, 347, 583, 623, 638, 641, 643, 650, 657, 660, 664, 667, 676, 773, 777, 779, 826, 894, 903, 980, 981, 1415, 1575, 1576, 1721, 1852, 1862, 1876, 1882, 1884, 1885, 1887, 1896, 2003, 2005, 2018, 2075, 2437, 2440, 2452, 2463, 2478, 2479, 2480, 2482, 2486, 2490, 2545, 2555, 2597, 2599, 2604, 2605, 2606, 2610, 2611, 2616, 2621, 2622, 2624, 2625, 2635, 2643, 2660, 2705, 2751, 2764, 2765, 2771, 2773, 2777, 2779, 2780, 2791, 2796, 2888, 2907, 2921, 2994, 3020, 3027, 3029, 3035, 3041, 3044, 3045, 3047, 3048, 3049, 3050, 3051, 3052, 3054, 3057, 3058, 3060, 3061, 3062, 3064, 3066, 3067, 3068, 3069, 3070, 3071, 3072, 3073, 3074, 3075, 3076, 3077, 3078, 3079, 3080, 3081, 3085, 3086, 3087, 3088, 3089, 3092, 3094, 3106, 3109, 3116, 3125, 3134, 3137, 3143, 3144, 3145, 3147, 3151, 3155, 3158, 3160, 3180, 3182, 3187, 3189, 3191, 3200, 3203, 3205, 3206, 3207, 3208, 3213, 3214, 3216, 3217, 3232, 3238, 3239, 3245, 3251, 3267, 3273, 3281, 3283, 3284, 3285, 3290, 3293, 3295, 3306, 3325, 3350, 3351, 3356, 3357, 3359, 3365, 3369, 3465, 3469, 3471, 3540, 3543]
singleton cluster id: 2575 ; true_algo_ham_mean: 104.41666666666667 ; origin_ham_mean: 79.81818181818181 ; guessed index: GACTCC ; singleton index: GGAGCT

singleton_cluster_id=2790 ; value=(0.9736842105263158, 37, 38)
true algo cluster = 2789 ; len = 37 ; candidates = [96, 116, 174, 327, 373, 689, 691, 695, 697, 705, 706, 712, 756, 783, 789, 793, 804, 805, 870, 898, 969, 1414, 1589, 1620, 1622, 1659, 1897, 1920, 1924, 1925, 1928, 1934, 1935, 1936, 1937, 1953, 1979, 2007, 2012, 2014, 2026, 2096, 2130, 2226, 2449, 2514, 2527, 2528, 2567, 2576, 2594, 2610, 2739, 2741, 2778, 2782, 2785, 2786, 2787, 2788, 2791, 2793, 2794, 2807, 2809, 2817, 2818, 2819, 2820, 2864, 2868, 2873, 2897, 2899, 2914, 2967, 2993, 3021, 3025, 3036, 3039, 3040, 3041, 3044, 3049, 3051, 3059, 3063, 3069, 3077, 3078, 3083, 3086, 3087, 3088, 3089, 3090, 3093, 3095, 3098, 3099, 3100, 3101, 3102, 3103, 3104, 3105, 3106, 3107, 3108, 3109, 3111, 3112, 3113, 3114, 3120, 3121, 3123, 3124, 3129, 3133, 3135, 3138, 3140, 3143, 3145, 3149, 3152, 3157, 3161, 3162, 3163, 3164, 3167, 3169, 3170, 3171, 3173, 3175, 3179, 3188, 3191, 3192, 3206, 3209, 3222, 3231, 3237, 3245, 3246, 3252, 3253, 3254, 3256, 3261, 3274, 3294, 3302, 3303, 3312, 3331, 3332, 3393, 3401, 3403, 3404, 3408, 3435, 3437, 3457, 3482, 3527, 3545]
singleton cluster id: 2790 ; true_algo_ham_mean: 95.16666666666667 ; origin_ham_mean: 75.63636363636364 ; guessed index: GCAACG ; singleton index: GGCATC

singleton_cluster_id=2912 ; value=(0.9795918367346939, 48, 49)
true algo cluster = 2911 ; len = 48 ; candidates = [336, 387, 483, 493, 494, 500, 502, 520, 534, 725, 748, 749, 752, 753, 761, 1067, 1129, 1260, 1565, 1617, 1642, 1656, 1698, 1702, 1712, 1716, 1717, 1718, 1720, 1721, 1739, 1823, 1871, 1872, 1875, 1897, 1934, 1957, 1970, 1971, 1975, 1976, 1977, 1978, 1982, 1985, 1990, 1991, 2006, 2025, 2095, 2162, 2470, 2552, 2555, 2570, 2611, 2612, 2622, 2624, 2625, 2641, 2646, 2658, 2749, 2750, 2759, 2763, 2764, 2767, 2792, 2817, 2824, 2825, 2826, 2827, 2830, 2831, 2835, 2853, 2857, 2858, 2860, 2861, 2862, 2863, 2864, 2867, 2869, 2872, 2876, 2878, 2880, 2887, 2890, 2891, 2895, 2896, 2897, 2898, 2899, 2900, 2901, 2902, 2903, 2904, 2905, 2906, 2907, 2909, 2913, 2918, 2921, 2926, 2927, 2928, 2930, 2931, 2932, 2934, 2935, 2936, 2937, 2939, 2940, 2941, 2944, 2945, 2946, 2947, 2948, 2949, 2965, 2969, 2970, 2973, 2978, 2984, 2985, 2986, 2994, 3004, 3057, 3097, 3118, 3137, 3144, 3147, 3152, 3156, 3157, 3159, 3160, 3161, 3165, 3169, 3172, 3188, 3193, 3195, 3196, 3201, 3206, 3207, 3208, 3221, 3236, 3301, 3361, 3425, 3438, 3491, 3494, 3534, 3538, 3543]
singleton cluster id: 2912 ; true_algo_ham_mean: 103.33333333333333 ; origin_ham_mean: 76.18181818181819 ; guessed index: GCGGCC ; singleton index: GCGCTA

singleton_cluster_id=3044 ; value=(0.9791666666666666, 47, 48)
true algo cluster = 3043 ; len = 47 ; candidates = [15, 312, 616, 617, 620, 621, 624, 625, 627, 644, 658, 659, 663, 779, 828, 898, 969, 1246, 1542, 1842, 1843, 1847, 1848, 1849, 1853, 1854, 1856, 1886, 1889, 1891, 1995, 1997, 2003, 2037, 2145, 2177, 2180, 2437, 2441, 2442, 2443, 2444, 2446, 2449, 2465, 2474, 2476, 2479, 2480, 2481, 2482, 2484, 2488, 2498, 2500, 2508, 2548, 2575, 2587, 2588, 2591, 2597, 2599, 2602, 2605, 2606, 2643, 2699, 2732, 2735, 2736, 2737, 2740, 2741, 2743, 2751, 2772, 2775, 2790, 2793, 2809, 2882, 2885, 2888, 2993, 3021, 3022, 3023, 3024, 3025, 3026, 3029, 3031, 3032, 3033, 3034, 3035, 3036, 3039, 3040, 3041, 3042, 3045, 3048, 3049, 3051, 3053, 3054, 3055, 3056, 3062, 3063, 3064, 3068, 3069, 3070, 3071, 3072, 3073, 3074, 3075, 3077, 3078, 3079, 3083, 3084, 3086, 3087, 3089, 3090, 3091, 3092, 3093, 3098, 3099, 3102, 3104, 3105, 3107, 3108, 3109, 3111, 3129, 3149, 3175, 3179, 3183, 3184, 3185, 3187, 3191, 3202, 3211, 3215, 3219, 3231, 3234, 3245, 3246, 3248, 3250, 3251, 3254, 3269, 3282, 3318, 3322, 3323, 3326, 3327, 3331, 3332, 3338, 3344, 3345, 3360, 3363, 3458, 3459, 3460, 3469, 3530]
singleton cluster id: 3044 ; true_algo_ham_mean: 99.16666666666667 ; origin_ham_mean: 76.63636363636364 ; guessed index: GGACAA ; singleton index: GGAAGC

count_how_many_candidates_we_missed=13
ham_dist_candidates_and_origins={59: (78.5, 78.5, True), 100: (98.33333333333333, 98.33333333333333, True), 227: (85.33333333333333, 85.33333333333333, True), 459: (84.25, 79.0, False), 462: (76.75, 76.75, True), 829: (84.58333333333333, 84.58333333333333, True), 876: (95.0, 95.0, True), 877: (95.0, 95.0, True), 940: (81.91666666666667, 81.91666666666667, True), 970: (86.33333333333333, 86.33333333333333, True), 1181: (88.0, 88.0, True), 1913: (84.58333333333333, 84.58333333333333, True), 2570: (108.58333333333333, 108.58333333333333, True), 2609: (80.33333333333333, 80.33333333333333, True), 2686: (85.33333333333333, 85.33333333333333, True), 2838: (76.08333333333333, 76.08333333333333, True), 3242: (82.66666666666667, 82.66666666666667, True), 3299: (82.44444444444444, 82.44444444444444, True), 3441: (86.08333333333333, 86.08333333333333, True), 3619: (69.75, 68.0, False), 3625: (89.91666666666667, 68.0, False), 4190: (88.58333333333333, 88.58333333333333, True), 4309: (99.25, 99.25, True), 4729: (92.33333333333333, 92.33333333333333, True), 4974: (97.08333333333333, 97.08333333333333, True), 5026: (79.16666666666667, 79.16666666666667, True), 5370: (90.33333333333333, 90.33333333333333, True), 5396: (78.16666666666667, 78.16666666666667, True), 6363: (81.08333333333333, 81.08333333333333, True), 6429: (69.5, 69.5, True), 6608: (99.41666666666667, 99.41666666666667, True), 6744: (83.58333333333333, 83.58333333333333, True), 6957: (88.75, 88.75, True), 7051: (92.5, 92.5, True), 7079: (91.16666666666667, 91.16666666666667, True), 7312: (71.0, 71.0, True), 7668: (104.5, 95.0, False), 7669: (92.5, 92.5, True), 7699: (85.33333333333333, 85.33333333333333, True), 7768: (84.91666666666667, 84.91666666666667, True), 7787: (77.16666666666667, 77.16666666666667, True), 7793: (99.75, 109.0, False), 7902: (118.66666666666667, 105.75, False), 7935: (92.25, 85.0, False), 7936: (80.25, 80.25, True), 8243: (82.75, 82.75, True), 8262: (97.5, 97.5, True), 8314: (78.75, 78.75, True), 8345: (83.16666666666667, 83.16666666666667, True), 8359: (67.66666666666667, 67.66666666666667, True), 8603: (89.41666666666667, 89.41666666666667, True), 8823: (87.71428571428571, 87.71428571428571, True), 8986: (94.0, 94.0, True), 9001: (83.75, 83.75, True), 9142: (76.16666666666667, 76.16666666666667, True), 9399: (80.1, 80.1, True), 9736: (89.41666666666667, 89.41666666666667, True), 9774: (82.75, 82.75, True), 9973: (80.25, 80.25, True), 10175: (92.41666666666667, 90.0, False), 10204: (85.75, 85.75, True), 10295: (88.83333333333333, 88.83333333333333, True), 10435: (100.75, 91.5, False), 10928: (103.16666666666667, 103.16666666666667, True), 11173: (102.33333333333333, 102.33333333333333, True), 11238: (82.41666666666667, 82.41666666666667, True), 11325: (82.16666666666667, 82.16666666666667, True), 11472: (80.83333333333333, 80.83333333333333, True), 11594: (86.66666666666667, 86.66666666666667, True), 11959: (87.0, 87.0, True), 12351: (84.16666666666667, 84.16666666666667, True), 12619: (101.41666666666667, 101.41666666666667, True), 12794: (84.83333333333333, 84.83333333333333, True), 12864: (71.33333333333333, 71.33333333333333, True), 13290: (90.0, 90.0, True), 13361: (92.0, 92.0, True), 13362: (92.0, 92.0, True), 13460: (86.66666666666667, 86.66666666666667, True), 13996: (95.58333333333333, 111.5, False), 14041: (93.0, 93.0, True), 14113: (76.0, 76.0, True), 14244: (86.25, 86.25, True), 14265: (81.25, 81.25, True), 14607: (87.41666666666667, 87.41666666666667, True), 14675: (91.58333333333333, 91.0, False), 14680: (76.91666666666667, 76.91666666666667, True), 14699: (88.08333333333333, 81.0, False), 14952: (95.0, 95.0, True), 14953: (95.0, 95.0, True), 15138: (90.16666666666667, 90.16666666666667, True), 15306: (85.08333333333333, 85.08333333333333, True), 15623: (90.75, 90.75, True), 15690: (89.25, 89.25, True), 15941: (91.41666666666667, 91.41666666666667, True), 16049: (87.83333333333333, 87.83333333333333, True), 16140: (77.0, 77.0, True), 16197: (93.83333333333333, 93.83333333333333, True), 16306: (82.0, 82.0, True), 16321: (83.33333333333333, 83.33333333333333, True), 16448: (88.33333333333333, 88.33333333333333, True), 16645: (84.83333333333333, 84.83333333333333, True), 16697: (100.75, 100.75, True), 16740: (88.75, 88.75, True), 16761: (82.33333333333333, 82.33333333333333, True), 16875: (84.16666666666667, 84.16666666666667, True), 16992: (79.75, 79.75, True), 17245: (101.75, 101.75, True), 17281: (80.25, 80.25, True), 17300: (93.41666666666667, 93.41666666666667, True), 17608: (86.16666666666667, 83.0, False), 17615: (79.83333333333333, 79.83333333333333, True), 17674: (79.25, 76.0, False), 17675: (84.08333333333333, 76.0, False), 17927: (93.83333333333333, 93.83333333333333, True), 70639: (79.83333333333333, 79.83333333333333, True), 18287: (95.83333333333333, 95.83333333333333, True), 18297: (85.0, 85.0, True), 18298: (85.0, 85.0, True), 18532: (80.0, 80.0, True), 18804: (88.57142857142857, 88.57142857142857, True), 18875: (86.41666666666667, 86.41666666666667, True), 19228: (82.91666666666667, 82.91666666666667, True), 19295: (87.5, 87.5, True), 19356: (86.8, 86.8, True), 19407: (95.58333333333333, 95.58333333333333, True), 19479: (81.66666666666667, 81.66666666666667, True), 19506: (81.0, 81.0, True), 19670: (82.5, 82.5, True), 19708: (71.33333333333333, 71.33333333333333, True), 19727: (80.91666666666667, 80.91666666666667, True), 19781: (73.58333333333333, 73.58333333333333, True), 20455: (96.5, 96.5, True), 20544: (80.0, 80.0, True), 21141: (83.66666666666667, 83.66666666666667, True), 21184: (88.33333333333333, 88.33333333333333, True), 21403: (83.58333333333333, 83.58333333333333, True), 21422: (87.25, 87.25, True), 21462: (103.58333333333333, 106.0, False), 21697: (89.16666666666667, 89.16666666666667, True), 21808: (79.33333333333333, 79.33333333333333, True), 21984: (86.0, 86.0, True), 22133: (76.5, 76.5, True), 22142: (95.0, 89.0, False), 22160: (95.66666666666667, 88.71428571428571, False), 22327: (81.75, 81.75, True), 22362: (82.0, 82.0, True), 22743: (100.25, 100.25, True), 22836: (89.58333333333333, 89.58333333333333, True), 23036: (77.91666666666667, 77.91666666666667, True), 23366: (98.0, 98.0, True), 23367: (98.0, 98.0, True), 23370: (82.9, 82.9, True), 23415: (84.16666666666667, 84.16666666666667, True), 23614: (91.0, 91.0, True), 24241: (74.08333333333333, 74.08333333333333, True), 24415: (86.83333333333333, 86.83333333333333, True), 24759: (92.25, 92.25, True), 24800: (86.0, 86.0, True), 24985: (93.16666666666667, 93.16666666666667, True), 25216: (79.58333333333333, 79.58333333333333, True), 25642: (94.16666666666667, 94.16666666666667, True), 25846: (79.08333333333333, 79.08333333333333, True), 25974: (82.66666666666667, 82.66666666666667, True), 26372: (89.08333333333333, 89.08333333333333, True), 26591: (87.66666666666667, 87.66666666666667, True), 27742: (87.22222222222223, 87.22222222222223, True), 27752: (88.25, 88.25, True), 27923: (78.75, 78.75, True), 27968: (82.5, 82.5, True), 28090: (83.25, 83.25, True), 28188: (80.85714285714286, 80.85714285714286, True), 28359: (92.91666666666667, 92.91666666666667, True), 28627: (79.58333333333333, 79.58333333333333, True), 28682: (83.66666666666667, 83.66666666666667, True), 28872: (76.16666666666667, 76.16666666666667, True), 29313: (95.41666666666667, 95.41666666666667, True), 29460: (77.16666666666667, 77.16666666666667, True), 29643: (96.33333333333333, 96.33333333333333, True), 29786: (94.33333333333333, 94.0, True), 29966: (84.33333333333333, 84.33333333333333, True), 30195: (77.0, 77.0, True), 30431: (87.5, 87.5, True), 30541: (79.0, 79.0, True), 30582: (95.0, 95.0, True), 30692: (79.33333333333333, 79.33333333333333, True), 30709: (88.7, 88.7, True), 30767: (80.75, 80.75, True), 30994: (91.4, 91.4, True), 31035: (78.2, 78.2, True), 31691: (83.41666666666667, 83.41666666666667, True), 31954: (88.08333333333333, 88.08333333333333, True), 31971: (79.75, 79.75, True), 32050: (88.91666666666667, 88.91666666666667, True), 32320: (81.0, 81.0, True), 32627: (93.91666666666667, 93.91666666666667, True), 32657: (88.58333333333333, 88.58333333333333, True), 33252: (97.66666666666667, 97.66666666666667, True), 33434: (98.85714285714286, 98.85714285714286, True), 33482: (80.66666666666667, 80.66666666666667, True), 33537: (86.91666666666667, 86.91666666666667, True), 33805: (89.41666666666667, 89.41666666666667, True), 33856: (83.41666666666667, 83.41666666666667, True), 33890: (87.83333333333333, 87.83333333333333, True), 33938: (86.75, 86.75, True), 33980: (74.83333333333333, 74.83333333333333, True), 34146: (81.66666666666667, 81.66666666666667, True), 34251: (89.58333333333333, 89.58333333333333, True), 34549: (86.75, 86.75, True), 34602: (78.58333333333333, 73.0, False), 34770: (76.25, 76.25, True), 34861: (77.41666666666667, 77.41666666666667, True), 34899: (82.0, 82.0, True), 35111: (72.41666666666667, 72.41666666666667, True), 35129: (73.16666666666667, 73.16666666666667, True), 35140: (78.83333333333333, 78.83333333333333, True), 35223: (102.45454545454545, 102.45454545454545, True), 35246: (94.41666666666667, 94.41666666666667, True), 35316: (86.0, 86.0, True), 35347: (81.58333333333333, 81.58333333333333, True), 35597: (71.75, 71.75, True), 35751: (82.41666666666667, 82.41666666666667, True), 35813: (84.41666666666667, 84.41666666666667, True), 35993: (104.5, 104.5, True), 36002: (82.83333333333333, 82.83333333333333, True), 36257: (90.5, 90.5, True), 36266: (81.25, 81.25, True), 36609: (105.0, 106.66666666666667, False), 36672: (105.33333333333333, 81.5, False), 36791: (85.0, 85.0, True), 36916: (87.25, 87.25, True), 36935: (93.88888888888889, 91.0, False), 37215: (76.3, 76.3, True), 37248: (88.91666666666667, 88.91666666666667, True), 37378: (87.41666666666667, 87.41666666666667, True), 37393: (95.27272727272727, 95.27272727272727, True), 37482: (76.75, 76.75, True), 37532: (83.5, 83.5, True), 37567: (89.08333333333333, 89.08333333333333, True), 37621: (79.6, 79.6, True), 38249: (86.91666666666667, 86.91666666666667, True), 38312: (88.0, 88.0, True), 38452: (82.16666666666667, 82.16666666666667, True), 66909: (101.66666666666667, 103.33333333333333, False), 38785: (83.58333333333333, 83.58333333333333, True), 38843: (88.75, 88.75, True), 38846: (87.41666666666667, 87.41666666666667, True), 39077: (78.41666666666667, 78.41666666666667, True), 39371: (90.83333333333333, 90.83333333333333, True), 39412: (89.83333333333333, 89.83333333333333, True), 39476: (78.25, 78.25, True), 39566: (87.16666666666667, 87.16666666666667, True), 40209: (80.66666666666667, 80.66666666666667, True), 40401: (82.66666666666667, 82.66666666666667, True), 40512: (78.91666666666667, 78.91666666666667, True), 40702: (87.91666666666667, 87.91666666666667, True), 40736: (76.83333333333333, 76.83333333333333, True), 40832: (86.41666666666667, 86.41666666666667, True), 41003: (100.83333333333333, 100.83333333333333, True), 41420: (98.0, 98.0, True), 41790: (102.0, 101.75, False), 41791: (102.0, 102.0, True), 41927: (90.5, 90.5, True), 42370: (89.25, 89.0, False), 42963: (105.0, 106.0, False), 42964: (105.0, 108.0, False), 43131: (91.66666666666667, 91.66666666666667, True), 43627: (90.41666666666667, 90.41666666666667, True), 43872: (84.16666666666667, 84.16666666666667, True), 44252: (83.08333333333333, 83.08333333333333, True), 44343: (88.16666666666667, 88.16666666666667, True), 44683: (81.66666666666667, 81.66666666666667, True), 44817: (86.0, 86.0, True), 44926: (78.16666666666667, 78.16666666666667, True), 45116: (92.91666666666667, 92.91666666666667, True), 45441: (86.75, 86.75, True), 45645: (84.0, 84.0, True), 45743: (66.83333333333333, 66.83333333333333, True), 45816: (74.75, 74.75, True), 45857: (86.625, 86.625, True), 45862: (67.0, 67.0, True), 45863: (67.0, 67.0, True), 46242: (89.75, 89.75, True), 46426: (103.0, 103.0, True), 46572: (78.0, 78.0, True), 46744: (82.91666666666667, 82.91666666666667, True), 46794: (91.41666666666667, 91.41666666666667, True), 47308: (85.25, 85.25, True), 47346: (85.66666666666667, 85.66666666666667, True), 47852: (86.41666666666667, 86.41666666666667, True), 48000: (90.08333333333333, 90.08333333333333, True), 48209: (91.0, 91.0, True), 48210: (91.0, 91.0, True), 48549: (78.66666666666667, 78.66666666666667, True), 48569: (87.75, 87.75, True), 48613: (89.72727272727273, 89.72727272727273, True), 48666: (88.0, 88.0, True), 48862: (84.91666666666667, 84.91666666666667, True), 48908: (95.33333333333333, 95.33333333333333, True), 48931: (83.66666666666667, 83.66666666666667, True), 49015: (86.91666666666667, 86.91666666666667, True), 49186: (76.75, 76.75, True), 49191: (82.08333333333333, 82.08333333333333, True), 49325: (98.58333333333333, 98.58333333333333, True), 49361: (83.25, 83.25, True), 49390: (103.41666666666667, 103.41666666666667, True), 49416: (90.66666666666667, 90.66666666666667, True), 49543: (119.5, 108.0, False), 49636: (76.0, 76.0, True), 49769: (82.25, 82.25, True), 49811: (84.75, 84.75, True), 50171: (89.91666666666667, 89.91666666666667, True), 50226: (83.0, 83.0, True), 50353: (83.83333333333333, 83.83333333333333, True), 50569: (79.91666666666667, 78.0, False), 50600: (73.08333333333333, 73.08333333333333, True), 50714: (89.08333333333333, 89.08333333333333, True), 50815: (98.875, 98.875, True), 50833: (76.83333333333333, 76.83333333333333, True), 51038: (86.0, 86.0, True), 51862: (78.08333333333333, 78.08333333333333, True), 52015: (89.91666666666667, 89.91666666666667, True), 52020: (73.0, 73.0, True), 52021: (73.0, 73.0, True), 52148: (82.91666666666667, 82.91666666666667, True), 52219: (79.08333333333333, 79.08333333333333, True), 52704: (94.0, 94.0, True), 52746: (89.33333333333333, 89.33333333333333, True), 52937: (66.25, 66.25, True), 52940: (88.75, 88.75, True), 53110: (84.91666666666667, 84.91666666666667, True), 53259: (90.58333333333333, 90.58333333333333, True), 53297: (104.41666666666667, 112.83333333333333, False), 53856: (94.42857142857143, 94.42857142857143, True), 53863: (92.0, 92.0, True), 53864: (92.0, 92.0, True), 53910: (86.33333333333333, 86.33333333333333, True), 53918: (73.5, 73.5, True), 53923: (93.41666666666667, 93.41666666666667, True), 53956: (80.0, 80.0, True), 54443: (86.41666666666667, 86.41666666666667, True), 54597: (90.33333333333333, 90.33333333333333, True), 54724: (88.57142857142857, 88.57142857142857, True), 55089: (93.41666666666667, 93.41666666666667, True), 55480: (94.83333333333333, 94.83333333333333, True), 55766: (78.5, 78.5, True), 55811: (79.83333333333333, 79.83333333333333, True), 56077: (81.66666666666667, 81.66666666666667, True), 56493: (68.16666666666667, 68.16666666666667, True), 56610: (82.66666666666667, 82.66666666666667, True), 56987: (81.25, 81.25, True), 57034: (82.75, 82.75, True), 57166: (81.33333333333333, 81.33333333333333, True), 57960: (91.08333333333333, 90.0, False), 57969: (80.25, 80.25, True), 58014: (95.16666666666667, 107.83333333333333, False), 58242: (92.25, 92.25, True), 58336: (81.33333333333333, 81.33333333333333, True), 58377: (80.44444444444444, 80.44444444444444, True), 58532: (81.5, 81.5, True), 58560: (86.0, 86.0, True), 58599: (90.41666666666667, 90.41666666666667, True), 58687: (82.83333333333333, 82.83333333333333, True), 58768: (86.33333333333333, 86.33333333333333, True), 59101: (99.33333333333333, 99.33333333333333, True), 59290: (87.33333333333333, 87.33333333333333, True), 59335: (94.5, 94.5, True), 59642: (87.25, 87.25, True), 59663: (81.66666666666667, 81.66666666666667, True), 59740: (80.25, 80.25, True), 59933: (88.33333333333333, 88.33333333333333, True), 60036: (84.5, 84.5, True), 60237: (91.5, 91.5, True), 60542: (97.33333333333333, 97.33333333333333, True), 60566: (76.33333333333333, 76.33333333333333, True), 60661: (103.33333333333333, 109.75, False), 60792: (86.58333333333333, 86.58333333333333, True), 60930: (89.83333333333333, 89.83333333333333, True), 61122: (85.83333333333333, 85.83333333333333, True), 61201: (81.125, 81.125, True), 61588: (91.375, 91.375, True), 61617: (82.66666666666667, 82.66666666666667, True), 61651: (99.0, 98.0, False), 61762: (81.83333333333333, 81.83333333333333, True), 61901: (91.08333333333333, 91.08333333333333, True), 62169: (76.33333333333333, 76.33333333333333, True), 62624: (89.91666666666667, 89.91666666666667, True), 63485: (75.66666666666667, 75.66666666666667, True), 63490: (78.66666666666667, 78.66666666666667, True), 63522: (79.75, 79.75, True), 63524: (77.75, 77.75, True), 63609: (93.08333333333333, 93.08333333333333, True), 63659: (81.08333333333333, 81.08333333333333, True), 63760: (99.16666666666667, 110.0, False), 63844: (94.08333333333333, 94.08333333333333, True), 63940: (86.33333333333333, 86.33333333333333, True), 64207: (85.08333333333333, 85.08333333333333, True), 64421: (83.08333333333333, 83.08333333333333, True), 64453: (74.91666666666667, 74.91666666666667, True), 64888: (97.41666666666667, 97.41666666666667, True), 65008: (86.58333333333333, 86.58333333333333, True), 65321: (72.41666666666667, 72.41666666666667, True), 65327: (86.58333333333333, 85.0, False), 65532: (87.0, 82.0, False), 65542: (85.4, 82.0, False), 65598: (84.08333333333333, 84.08333333333333, True), 65654: (84.16666666666667, 84.16666666666667, True), 65718: (89.66666666666667, 89.66666666666667, True), 65746: (78.08333333333333, 78.08333333333333, True), 66154: (82.5, 82.5, True), 66563: (93.2, 89.0, False), 66566: (86.2, 86.2, True), 66636: (75.5, 75.5, True), 66705: (92.0, 92.0, True), 66876: (86.83333333333333, 86.83333333333333, True), 66990: (94.41666666666667, 94.41666666666667, True), 67249: (87.6, 87.6, True), 67301: (91.66666666666667, 91.66666666666667, True), 68100: (101.75, 101.75, True), 68231: (86.16666666666667, 86.16666666666667, True), 68469: (80.0, 80.0, True), 68470: (80.0, 80.0, True), 68480: (76.58333333333333, 76.58333333333333, True), 68615: (80.08333333333333, 80.08333333333333, True), 68929: (85.58333333333333, 85.58333333333333, True), 68954: (82.72727272727273, 82.72727272727273, True), 69145: (91.16666666666667, 91.16666666666667, True), 69180: (81.66666666666667, 81.66666666666667, True), 69233: (87.16666666666667, 87.16666666666667, True), 69521: (84.83333333333333, 84.83333333333333, True), 69541: (88.0, 88.0, True), 69669: (91.41666666666667, 91.41666666666667, True), 69837: (82.22222222222223, 81.5, False), 69898: (86.58333333333333, 86.58333333333333, True), 70028: (80.0, 80.0, True), 70375: (83.58333333333333, 83.58333333333333, True), 70597: (89.91666666666667, 89.91666666666667, True), 70664: (86.0, 86.0, True), 70953: (89.16666666666667, 89.16666666666667, True), 71119: (79.5, 79.5, True), 71264: (80.875, 80.875, True), 71648: (93.0, 93.0, True), 72402: (91.75, 91.75, True), 72449: (80.25, 80.25, True), 72498: (91.25, 91.25, True), 72746: (76.75, 76.75, True), 72835: (88.0, 88.0, True), 72836: (88.0, 88.0, True), 72855: (87.08333333333333, 86.5, False), 73009: (76.75, 76.75, True), 73013: (85.08333333333333, 85.08333333333333, True), 73144: (88.0, 88.0, True), 73260: (88.33333333333333, 88.33333333333333, True), 73669: (81.0, 81.0, True), 73784: (79.66666666666667, 79.66666666666667, True), 73960: (84.58333333333333, 84.58333333333333, True), 27302: (78.5, 78.5, True)}
len(ham_dist_candidates_and_origins)=456
number of corrects: 415
mean of corrects ham dist: 85.16144578313254
max ham dist of corrects: 108.58333333333333
number of incorrects: 41
mean of incorrects ham dist: 91.85365853658537
min ham dist of incorrects: 68.0
mean of origin incorrects ham dist: 94.02439024390245
singleton id: 7793 ; true_algo_ham_mean: 99.75 ; origin_ham_mean: 107.9090909090909 ; guessed index: GAAATG ; singleton index: ACATAC

singleton id: 13996 ; true_algo_ham_mean: 95.58333333333333 ; origin_ham_mean: 83.9090909090909 ; guessed index: AGATTG ; singleton index: GATCGG

singleton id: 21462 ; true_algo_ham_mean: 103.58333333333333 ; origin_ham_mean: 81.9090909090909 ; guessed index: ATTTTC ; singleton index: GATCTC

singleton id: 36609 ; true_algo_ham_mean: 105.0 ; origin_ham_mean: 84.0 ; guessed index: CCTGCC ; singleton index: CTTCGC

singleton id: 36672 ; true_algo_ham_mean: 105.33333333333333 ; origin_ham_mean: 77.0909090909091 ; guessed index: CCTCTT ; singleton index: CCCTCC

singleton id: 66909 ; true_algo_ham_mean: 101.66666666666667 ; origin_ham_mean: 83.81818181818181 ; guessed index: GGGGCA ; singleton index: GCGCAT

singleton id: 42963 ; true_algo_ham_mean: 105.0 ; origin_ham_mean: 0 ; guessed index: GTTATG ; singleton index: CGGACT

singleton id: 42964 ; true_algo_ham_mean: 105.0 ; origin_ham_mean: 0 ; guessed index: CGGACT ; singleton index: GTTATG

singleton id: 49543 ; true_algo_ham_mean: 119.5 ; origin_ham_mean: 79.18181818181819 ; guessed index: GTCAGA ; singleton index: CTTGCG

singleton id: 53297 ; true_algo_ham_mean: 104.41666666666667 ; origin_ham_mean: 79.81818181818181 ; guessed index: GACTCC ; singleton index: GGAGCT

singleton id: 58014 ; true_algo_ham_mean: 95.16666666666667 ; origin_ham_mean: 75.63636363636364 ; guessed index: GCAACG ; singleton index: GGCATC

singleton id: 60661 ; true_algo_ham_mean: 103.33333333333333 ; origin_ham_mean: 76.18181818181819 ; guessed index: GCGGCC ; singleton index: GCGCTA

singleton id: 63760 ; true_algo_ham_mean: 99.16666666666667 ; origin_ham_mean: 76.63636363636364 ; guessed index: GGACAA ; singleton index: GGAAGC

singleton=459; {'origin_mean_ham': 84.25, 'min_mean_ham': 79.0, 'diff': 5.25, 'origin_guessed_index': 'AAACAT', 'winner_guessed_index': 'AAACAT', 'the singleton index': 'AAACAT', 'origin_ed': 0, 'winner_ed': 0, 'diff_ed': 0, 'diff_jacc': 0.0, 'diff_GPM': 0.0}

singleton=3619; {'origin_mean_ham': 69.75, 'min_mean_ham': 68.0, 'diff': 1.75, 'origin_guessed_index': 'AAGATT', 'winner_guessed_index': 'AAGACT', 'the singleton index': 'GAGCAT', 'origin_ed': 3, 'winner_ed': 3, 'diff_ed': 0, 'diff_jacc': 17.857142857142854, 'diff_GPM': -16.666666666666686}

singleton=3625; {'origin_mean_ham': 89.91666666666667, 'min_mean_ham': 68.0, 'diff': 21.91666666666667, 'origin_guessed_index': 'AAGATT', 'winner_guessed_index': 'GAGCAT', 'the singleton index': 'AAGACT', 'origin_ed': 1, 'winner_ed': 3, 'diff_ed': 2, 'diff_jacc': 17.857142857142854, 'diff_GPM': 0.0}

singleton=7668; {'origin_mean_ham': 104.5, 'min_mean_ham': 95.0, 'diff': 9.5, 'origin_guessed_index': 'AGAGGA', 'winner_guessed_index': 'ACGGGA', 'the singleton index': 'ACAGGA', 'origin_ed': 1, 'winner_ed': 1, 'diff_ed': 0, 'diff_jacc': 10.0, 'diff_GPM': 0.0}

singleton=7902; {'origin_mean_ham': 118.66666666666667, 'min_mean_ham': 105.75, 'diff': 12.916666666666671, 'origin_guessed_index': 'CACACA', 'winner_guessed_index': 'CACCCG', 'the singleton index': 'CAACCA', 'origin_ed': 2, 'winner_ed': 2, 'diff_ed': 0, 'diff_jacc': -10.0, 'diff_GPM': 33.33333333333334}

singleton=7935; {'origin_mean_ham': 92.25, 'min_mean_ham': 85.0, 'diff': 7.25, 'origin_guessed_index': 'ACATCT', 'winner_guessed_index': 'ACCATC', 'the singleton index': 'TACTAT', 'origin_ed': 3, 'winner_ed': 3, 'diff_ed': 0, 'diff_jacc': 17.857142857142854, 'diff_GPM': 16.666666666666686}

singleton=10175; {'origin_mean_ham': 92.41666666666667, 'min_mean_ham': 90.0, 'diff': 2.4166666666666714, 'origin_guessed_index': 'ACGATC', 'winner_guessed_index': 'AGCTCG', 'the singleton index': 'ACGATC', 'origin_ed': 0, 'winner_ed': 3, 'diff_ed': 3, 'diff_jacc': 75.0, 'diff_GPM': 16.666666666666657}

singleton=10435; {'origin_mean_ham': 100.75, 'min_mean_ham': 91.5, 'diff': 9.25, 'origin_guessed_index': 'ACGCGA', 'winner_guessed_index': 'AGAATG', 'the singleton index': 'ACGCGA', 'origin_ed': 0, 'winner_ed': 5, 'diff_ed': 5, 'diff_jacc': 88.88888888888889, 'diff_GPM': 33.33333333333334}

singleton=14675; {'origin_mean_ham': 91.58333333333333, 'min_mean_ham': 91.0, 'diff': 0.5833333333333286, 'origin_guessed_index': 'AGCCCA', 'winner_guessed_index': 'TGCCAT', 'the singleton index': 'AGCATA', 'origin_ed': 2, 'winner_ed': 3, 'diff_ed': 1, 'diff_jacc': 7.142857142857146, 'diff_GPM': 0.0}

singleton=14699; {'origin_mean_ham': 88.08333333333333, 'min_mean_ham': 81.0, 'diff': 7.083333333333329, 'origin_guessed_index': 'AGCCCA', 'winner_guessed_index': 'AGCCAC', 'the singleton index': 'TGCCAT', 'origin_ed': 3, 'winner_ed': 2, 'diff_ed': -1, 'diff_jacc': 7.142857142857146, 'diff_GPM': 0.0}

singleton=17608; {'origin_mean_ham': 86.16666666666667, 'min_mean_ham': 83.0, 'diff': 3.1666666666666714, 'origin_guessed_index': 'AGTCAA', 'winner_guessed_index': 'AGTACA', 'the singleton index': 'AATCAA', 'origin_ed': 1, 'winner_ed': 3, 'diff_ed': 2, 'diff_jacc': 38.888888888888886, 'diff_GPM': 0.0}

singleton=17674; {'origin_mean_ham': 79.25, 'min_mean_ham': 76.0, 'diff': 3.25, 'origin_guessed_index': 'AGTCCA', 'winner_guessed_index': 'AGTCAT', 'the singleton index': 'ATTCAT', 'origin_ed': 3, 'winner_ed': 1, 'diff_ed': -2, 'diff_jacc': -25.0, 'diff_GPM': -16.666666666666686}

singleton=17675; {'origin_mean_ham': 84.08333333333333, 'min_mean_ham': 76.0, 'diff': 8.083333333333329, 'origin_guessed_index': 'AGTCCA', 'winner_guessed_index': 'ATTCAT', 'the singleton index': 'AGTCAT', 'origin_ed': 2, 'winner_ed': 1, 'diff_ed': -1, 'diff_jacc': 16.66666666666667, 'diff_GPM': 0.0}

singleton=22142; {'origin_mean_ham': 95.0, 'min_mean_ham': 89.0, 'diff': 6.0, 'origin_guessed_index': 'ATGATT', 'winner_guessed_index': 'ATGATT', 'the singleton index': 'ATAATT', 'origin_ed': 1, 'winner_ed': 1, 'diff_ed': 0, 'diff_jacc': 0.0, 'diff_GPM': 0.0}

singleton=22160; {'origin_mean_ham': 95.66666666666667, 'min_mean_ham': 88.71428571428571, 'diff': 6.952380952380963, 'origin_guessed_index': 'ATGATT', 'winner_guessed_index': 'ATGATT', 'the singleton index': 'ATGATT', 'origin_ed': 0, 'winner_ed': 0, 'diff_ed': 0, 'diff_jacc': 0.0, 'diff_GPM': 0.0}

singleton=34602; {'origin_mean_ham': 78.58333333333333, 'min_mean_ham': 73.0, 'diff': 5.583333333333329, 'origin_guessed_index': 'CCGAGA', 'winner_guessed_index': 'CTCGAG', 'the singleton index': 'CCGAGA', 'origin_ed': 0, 'winner_ed': 2, 'diff_ed': 2, 'diff_jacc': 50.0, 'diff_GPM': 16.666666666666657}

singleton=36935; {'origin_mean_ham': 93.88888888888889, 'min_mean_ham': 91.0, 'diff': 2.8888888888888857, 'origin_guessed_index': 'CCTGGG', 'winner_guessed_index': 'ACGCGA', 'the singleton index': 'CCTGGG', 'origin_ed': 0, 'winner_ed': 4, 'diff_ed': 4, 'diff_jacc': 100.0, 'diff_GPM': 33.33333333333334}

singleton=41790; {'origin_mean_ham': 102.0, 'min_mean_ham': 101.75, 'diff': 0.25, 'origin_guessed_index': 'CAGGGA', 'winner_guessed_index': 'AGGGAG', 'the singleton index': 'CGGGAG', 'origin_ed': 2, 'winner_ed': 1, 'diff_ed': -1, 'diff_jacc': -15.0, 'diff_GPM': 0.0}

singleton=42370; {'origin_mean_ham': 89.25, 'min_mean_ham': 89.0, 'diff': 0.25, 'origin_guessed_index': 'CGGGTT', 'winner_guessed_index': 'AGCTCG', 'the singleton index': 'CGGTAT', 'origin_ed': 2, 'winner_ed': 4, 'diff_ed': 2, 'diff_jacc': 38.888888888888886, 'diff_GPM': 0.0}

singleton=50569; {'origin_mean_ham': 79.91666666666667, 'min_mean_ham': 78.0, 'diff': 1.9166666666666714, 'origin_guessed_index': 'GAAAAG', 'winner_guessed_index': 'GAAACT', 'the singleton index': 'GAATAT', 'origin_ed': 2, 'winner_ed': 2, 'diff_ed': 0, 'diff_jacc': 4.761904761904763, 'diff_GPM': -16.666666666666686}

singleton=57960; {'origin_mean_ham': 91.08333333333333, 'min_mean_ham': 90.0, 'diff': 1.0833333333333286, 'origin_guessed_index': 'GCCACC', 'winner_guessed_index': 'GCATCC', 'the singleton index': 'TGCATC', 'origin_ed': 3, 'winner_ed': 2, 'diff_ed': -1, 'diff_jacc': -38.0952380952381, 'diff_GPM': -16.666666666666686}

singleton=61651; {'origin_mean_ham': 99.0, 'min_mean_ham': 98.0, 'diff': 1.0, 'origin_guessed_index': 'GCTAAA', 'winner_guessed_index': 'GGGAAT', 'the singleton index': 'GTGAAA', 'origin_ed': 2, 'winner_ed': 2, 'diff_ed': 0, 'diff_jacc': -19.04761904761905, 'diff_GPM': 0.0}

singleton=65327; {'origin_mean_ham': 86.58333333333333, 'min_mean_ham': 85.0, 'diff': 1.5833333333333286, 'origin_guessed_index': 'GGCCAA', 'winner_guessed_index': 'CGGACT', 'the singleton index': 'GGCCAA', 'origin_ed': 0, 'winner_ed': 4, 'diff_ed': 4, 'diff_jacc': 88.88888888888889, 'diff_GPM': 16.666666666666657}

singleton=65532; {'origin_mean_ham': 87.0, 'min_mean_ham': 82.0, 'diff': 5.0, 'origin_guessed_index': 'GGCCCT', 'winner_guessed_index': 'GTGCCC', 'the singleton index': 'GGCCCC', 'origin_ed': 1, 'winner_ed': 2, 'diff_ed': 1, 'diff_jacc': 35.0, 'diff_GPM': 0.0}

singleton=65542; {'origin_mean_ham': 85.4, 'min_mean_ham': 82.0, 'diff': 3.4000000000000057, 'origin_guessed_index': 'GGCCCT', 'winner_guessed_index': 'GGCCCC', 'the singleton index': 'GTGCCC', 'origin_ed': 2, 'winner_ed': 2, 'diff_ed': 0, 'diff_jacc': -6.666666666666664, 'diff_GPM': 16.666666666666657}

singleton=66563; {'origin_mean_ham': 93.2, 'min_mean_ham': 89.0, 'diff': 4.200000000000003, 'origin_guessed_index': 'GGCTTT', 'winner_guessed_index': 'GGCTTT', 'the singleton index': 'GTGCTT', 'origin_ed': 2, 'winner_ed': 2, 'diff_ed': 0, 'diff_jacc': 0.0, 'diff_GPM': 0.0}

singleton=69837; {'origin_mean_ham': 82.22222222222223, 'min_mean_ham': 81.5, 'diff': 0.7222222222222285, 'origin_guessed_index': 'GTAAGT', 'winner_guessed_index': 'GGTAAG', 'the singleton index': 'GCTAAA', 'origin_ed': 3, 'winner_ed': 2, 'diff_ed': -1, 'diff_jacc': 4.761904761904763, 'diff_GPM': 0.0}

singleton=72855; {'origin_mean_ham': 87.08333333333333, 'min_mean_ham': 86.5, 'diff': 0.5833333333333286, 'origin_guessed_index': 'GTGAAG', 'winner_guessed_index': 'GTGAAG', 'the singleton index': 'GTGAAG', 'origin_ed': 0, 'winner_ed': 0, 'diff_ed': 0, 'diff_jacc': 0.0, 'diff_GPM': 0.0}

sorted(diff_ed_dict.items(), reverse=False, key=lambda x: x[0])=[(-2, 1), (-1, 5), (0, 12), (1, 2), (2, 4), (3, 1), (4, 2), (5, 1)]
sorted(diff_jac_dict.items(), reverse=True, key=lambda x: x[0])=[(100.0, 1), (88.88888888888889, 2), (75.0, 1), (50.0, 1), (38.888888888888886, 2), (35.0, 1), (17.857142857142854, 3), (16.66666666666667, 1), (10.0, 1), (7.142857142857146, 2), (4.761904761904763, 2), (0.0, 5), (-6.666666666666664, 1), (-10.0, 1), (-15.0, 1), (-19.04761904761905, 1), (-25.0, 1), (-38.0952380952381, 1)]
sorted(diff_gpm_dict.items(), reverse=True, key=lambda x: x[0])=[(33.33333333333334, 3), (16.666666666666686, 1), (16.666666666666657, 4), (0.0, 16), (-16.666666666666686, 4)]
[24, 22, 18, 17, 16, 16, 15, 15, 14, 14, 12, 12, 11, 10, 10, 10, 9, 9, 9, 9, 8, 8, 8, 7, 6, 6, 6, 6, 5, 5, 5, 5, 5, 5, 5, 5, 4, 4, 4, 4, 4, 4, 4, 4, 3, 3, 3, 3, 3, 3, 3, 3, 3, 3, 3, 3, 3, 3, 2, 2, 2, 2, 2, 2, 2, 2, 2, 2, 2, 2, 2, 2, 2, 2, 2, 2, 2, 2, 2, 2, 2, 2, 2, 2, 2, 2, 2, 2, 2, 2, 2, 2, 2, 2, 2, 2, 2, 2, 2, 2, 2, 2, 2, 2, 2, 2, 2, 2, 2, 2, 2, 2, 2, 2, 2, 2, 2, 1, 1, 1, 1, 1, 1, 1, 1, 1, 1, 1, 1, 1, 1, 1, 1, 1, 1, 1, 1, 1, 1, 1, 1, 1, 1, 1, 1, 1, 1, 1, 1, 1, 1, 1, 1, 1, 1, 1, 1, 1, 1, 1, 1, 1, 1, 1, 1, 1, 1, 1, 1, 1, 1, 1, 1, 1, 1, 1, 1, 1, 1, 1, 1, 1, 1, 1, 1, 1, 1, 1, 1, 1, 1, 1, 1, 1, 1, 1, 1, 1, 1, 1, 1, 1, 1, 1, 1, 1, 1, 1, 1, 1, 1, 1, 1, 1, 1, 1, 1, 1, 1, 1, 1, 1, 1, 1, 1, 1, 1, 1, 1, 1, 1, 1, 1, 1, 1, 1, 1, 1, 1, 1, 1, 1, 1, 1, 1, 1, 1, 1, 1, 1, 1, 1, 1, 1, 1, 1, 1, 1, 1, 1, 1, 1, 1, 1, 1, 1, 1, 1, 1, 1, 1, 1, 1, 1, 1, 1, 1, 1, 1, 1, 1, 1, 1, 1, 1, 1, 1, 1, 1, 1, 1, 1, 1, 1, 1, 1, 1, 1, 1, 1, 1, 1, 1, 1, 1, 1, 1, 1, 1, 1, 1, 1, 1, 1, 1, 1, 1, 1, 1, 1, 1, 1, 1, 1, 1, 1, 1, 1, 1, 1, 1, 1, 1, 1, 1, 1, 1, 1, 1, 1, 1, 1, 1, 1, 1, 1, 1, 1, 1, 1, 1, 1, 1, 1, 1, 1, 1, 1, 1, 1, 1, 1, 1, 1, 1, 1, 1, 1, 1, 1, 1, 1, 1, 1, 1, 1, 1, 1, 1, 1, 1, 1, 1, 1, 1, 1, 1, 1, 1, 1, 1, 1, 1, 1, 1, 1, 1, 1, 1, 1, 1, 1, 1, 1, 1, 1, 1, 1, 1, 1, 1, 1, 1, 1, 1, 1, 1, 1, 1, 1, 1, 1, 1, 1, 1, 1, 1, 1, 1, 1, 1, 1, 1, 1, 1, 1, 1, 1, 1, 1, 1, 1, 1, 1, 1, 1, 1, 1, 1, 1, 1, 1, 1, 1, 1, 1, 1, 1, 1, 1, 1, 1, 1, 1, 1, 1, 1, 1, 1, 1, 1, 1, 1, 1, 1, 1, 1, 1, 1, 1, 1, 1, 1, 1, 1, 1, 1, 1, 1, 1, 1, 1, 1, 1, 1, 1, 1, 1, 1, 1, 1, 1, 1, 1]
max(list(true_candidates_len_dict.values()))=24
np.mean(list(true_candidates_len_dict.values()))=1.876984126984127

count_how_many_candidates_we_missed=13
count_missed_in_true_candidates=8

summery:
The total number of unwanted unions is 25
The total number of unwanted singletons is 453
The total number of clusters with unwanted rebellious reads is 93
The avg size of unwanted rebellious reads in a cluster is 1.3226

acc_ver_0 = 0.7550

summery:
The total number of unwanted unions is 7
The total number of unwanted singletons is 456
The total number of clusters with unwanted rebellious reads is 90
The avg size of unwanted rebellious reads in a cluster is 1.2778

acc_ver_1_5 = 0.7647

summery:
The total number of unwanted unions is 8
The total number of unwanted singletons is 52
The total number of clusters with unwanted rebellious reads is 93
The avg size of unwanted rebellious reads in a cluster is 1.2796

acc_ver_2 = 0.8693

