#################################################
               handle_unions_log                 
#################################################
{505: (0.574468085106383, 27, 47), 1951: (0.05, 2, 40)}
len(cluster1)=2
len(cluster2)=27
{753: (0.45, 9, 20), 2129: (1.0, 13, 13)}
len(cluster1)=13
len(cluster2)=9
{1252: (0.13333333333333333, 6, 45), 1536: (1.0, 37, 37)}
len(cluster1)=37
len(cluster2)=6
{1300: (1.0, 39, 39), 1345: (0.08, 2, 25)}
len(cluster1)=39
len(cluster2)=2
{1363: (0.6666666666666666, 26, 39), 2290: (0.09090909090909091, 4, 44)}
len(cluster1)=4
len(cluster2)=26
{1367: (0.023809523809523808, 1, 42), 2810: (1.0, 21, 21)}
len(cluster1)=21
len(cluster2)=1
{1517: (1.0, 38, 38), 2518: (0.07317073170731707, 3, 41)}
len(cluster1)=38
len(cluster2)=3
{2056: (0.425, 17, 40), 2289: (1.0, 50, 50)}
len(cluster1)=17
len(cluster2)=50
count_wrong=8
count_right=37

#################################################
               handle_singletons_log             
#################################################
count_true_unwanted_singletons=495
len(singletons)=556
singleton_cluster_id=131 ; value=(0.9, 18, 20)
true algo cluster = 3554 ; len = 18 ; candidates = [18, 19, 20, 21, 22, 23, 24, 25, 32, 34, 37, 55, 62, 77, 78, 80, 81, 82, 83, 84, 87, 88, 94, 96, 97, 98, 99, 100, 101, 102, 103, 104, 105, 107, 109, 110, 111, 112, 113, 114, 115, 116, 118, 119, 120, 121, 122, 123, 125, 126, 127, 128, 130, 132, 135, 138, 143, 145, 146, 147, 150, 151, 156, 161, 165, 166, 179, 180, 181, 182, 183, 185, 187, 189, 192, 194, 198, 204, 207, 261, 262, 265, 266, 270, 275, 331, 335, 336, 339, 340, 342, 357, 395, 397, 398, 399, 400, 402, 403, 404, 408, 410, 411, 413, 414, 416, 417, 419, 421, 422, 423, 428, 433, 437, 439, 482, 562, 636, 639, 640, 641, 696, 697, 698, 699, 700, 702, 705, 710, 711, 712, 713, 714, 715, 717, 719, 720, 733, 752, 789, 863, 907, 948, 952, 953, 958, 964, 1010, 1013, 1019, 1021, 1027, 1029, 1033, 1034, 1040, 1064, 1080, 1104, 1167, 1182, 1187, 1262, 1265, 1266, 1267, 1268, 1324, 1328, 1330, 1344, 1345, 1346, 1347, 1349, 1356, 1360, 1369, 1413, 1490, 1626, 1639, 1643, 1944, 1945, 2472, 2474, 2477, 2526, 2535, 2544, 2547, 2548, 2551, 2554, 2556, 2561, 2564, 2565, 2567, 2569, 2577, 2580, 2601, 2692, 2833, 2837, 3064, 3426, 3437, 3553, 3567]
singleton cluster id: 131 ; true_algo_ham_mean: 95.5 ; origin_ham_mean: 79.0909090909091 ; guessed index: AACGCG ; singleton index: AACCAC

singleton_cluster_id=199 ; value=(0.9696969696969697, 32, 33)
true algo cluster = 198 ; len = 32 ; candidates = [4, 36, 40, 41, 42, 49, 60, 67, 68, 81, 91, 99, 107, 108, 119, 120, 126, 127, 128, 130, 132, 134, 139, 142, 150, 151, 179, 180, 181, 182, 183, 184, 193, 196, 197, 201, 202, 208, 209, 210, 211, 218, 224, 231, 236, 240, 243, 245, 246, 247, 248, 249, 250, 260, 261, 262, 264, 265, 266, 267, 268, 270, 271, 273, 277, 278, 279, 280, 281, 282, 283, 284, 285, 286, 287, 289, 292, 293, 297, 299, 300, 301, 302, 305, 307, 309, 375, 381, 436, 468, 485, 492, 495, 545, 578, 580, 581, 582, 583, 584, 587, 603, 656, 679, 713, 736, 791, 811, 848, 867, 883, 885, 886, 887, 890, 892, 894, 901, 974, 978, 994, 996, 999, 1049, 1050, 1066, 1084, 1102, 1103, 1104, 1105, 1106, 1107, 1108, 1111, 1117, 1126, 1143, 1146, 1183, 1186, 1207, 1208, 1209, 1210, 1211, 1212, 1216, 1228, 1285, 1305, 1309, 1311, 1363, 1415, 1436, 1473, 1474, 1477, 1488, 1491, 1506, 1507, 1509, 1511, 1512, 1528, 1824, 2245, 2333, 2433, 2503, 2510, 2516, 2523, 2600, 2602, 2637, 2691, 2695, 2714, 2716, 2720, 2722, 2723, 2729, 3023, 3064, 3317, 3551, 3554, 3556, 3569, 3572]
singleton cluster id: 199 ; true_algo_ham_mean: 99.66666666666667 ; origin_ham_mean: 65.81818181818181 ; guessed index: AAGCCC ; singleton index: AATGCA

singleton_cluster_id=288 ; value=(0.9487179487179487, 37, 39)
true algo cluster = 287 ; len = 37 ; candidates = [7, 10, 12, 13, 14, 15, 17, 29, 31, 33, 38, 44, 45, 47, 48, 49, 50, 51, 53, 54, 55, 56, 57, 58, 60, 61, 63, 64, 65, 67, 68, 69, 70, 71, 72, 73, 74, 75, 76, 79, 95, 117, 133, 136, 140, 144, 146, 148, 152, 153, 154, 155, 156, 157, 158, 159, 173, 177, 196, 213, 215, 223, 224, 232, 233, 235, 236, 237, 238, 239, 241, 255, 256, 259, 260, 263, 269, 282, 283, 290, 291, 294, 295, 296, 300, 302, 303, 304, 305, 306, 308, 309, 310, 311, 312, 313, 315, 316, 349, 369, 380, 382, 383, 385, 386, 387, 388, 389, 391, 456, 460, 463, 480, 539, 557, 616, 633, 634, 635, 649, 668, 673, 674, 677, 682, 683, 684, 685, 686, 688, 689, 690, 767, 841, 895, 918, 922, 945, 987, 991, 997, 1000, 1002, 1004, 1005, 1006, 1239, 1254, 1258, 1259, 1298, 1303, 1315, 1316, 1317, 1318, 1320, 1386, 1389, 1447, 1466, 1467, 1480, 1504, 1536, 1617, 1813, 2222, 2470, 2486, 2504, 2508, 2511, 2513, 2517, 2518, 2519, 2520, 2521, 2522, 2523, 2524, 2595, 2612, 2665, 2718, 2742, 2749, 2819, 2824, 3050, 3560]
singleton cluster id: 288 ; true_algo_ham_mean: 97.91666666666667 ; origin_ham_mean: 83.72727272727273 ; guessed index: AATGGA ; singleton index: AAATTG

singleton_cluster_id=748 ; value=(0.9166666666666666, 22, 24)
true algo cluster = 747 ; len = 22 ; candidates = [115, 118, 154, 191, 197, 200, 221, 233, 238, 239, 274, 314, 329, 351, 452, 478, 486, 496, 500, 501, 520, 521, 523, 538, 540, 577, 586, 587, 602, 610, 650, 706, 709, 730, 735, 745, 749, 757, 760, 764, 765, 766, 767, 768, 787, 795, 803, 804, 806, 825, 840, 842, 877, 879, 882, 892, 916, 922, 923, 945, 954, 962, 965, 978, 1002, 1006, 1038, 1039, 1040, 1041, 1042, 1054, 1060, 1062, 1063, 1065, 1067, 1068, 1072, 1077, 1078, 1080, 1081, 1082, 1083, 1087, 1091, 1095, 1096, 1097, 1098, 1099, 1100, 1101, 1102, 1103, 1104, 1106, 1109, 1110, 1114, 1115, 1116, 1118, 1119, 1120, 1137, 1138, 1139, 1140, 1141, 1142, 1145, 1155, 1157, 1158, 1160, 1161, 1177, 1178, 1185, 1195, 1196, 1197, 1198, 1199, 1200, 1201, 1202, 1222, 1232, 1240, 1241, 1402, 1427, 1505, 1520, 1521, 1523, 1736, 1737, 1824, 2035, 2189, 2191, 2246, 2263, 2264, 2293, 2302, 2332, 2334, 2335, 2337, 2376, 2377, 2414, 2629, 2709, 2711, 2722, 2732, 2942, 3181, 3269, 3383, 3451, 3455, 3475, 3477, 3489, 3508, 3515, 3516, 3519, 3520, 3521, 3522, 3539, 3565, 3566, 3582]
singleton cluster id: 748 ; true_algo_ham_mean: 96.66666666666667 ; origin_ham_mean: 76.54545454545455 ; guessed index: AGCGGT ; singleton index: ATGCTT

singleton_cluster_id=972 ; value=(0.875, 14, 16)
true algo cluster = 971 ; len = 14 ; candidates = [10, 44, 45, 152, 153, 170, 203, 247, 249, 250, 252, 254, 280, 281, 291, 295, 308, 310, 323, 325, 326, 327, 328, 352, 354, 356, 358, 360, 361, 362, 363, 364, 365, 369, 383, 400, 404, 405, 406, 441, 442, 443, 450, 458, 466, 470, 472, 473, 475, 476, 479, 492, 494, 510, 511, 512, 514, 526, 536, 541, 544, 545, 547, 548, 549, 550, 551, 552, 554, 555, 556, 557, 558, 569, 570, 571, 572, 573, 576, 580, 589, 591, 592, 595, 598, 600, 609, 611, 612, 613, 616, 628, 661, 681, 704, 753, 763, 780, 851, 853, 854, 856, 857, 860, 872, 875, 884, 891, 900, 919, 920, 939, 940, 959, 960, 976, 979, 981, 982, 983, 984, 987, 990, 998, 1000, 1003, 1076, 1093, 1094, 1159, 1165, 1171, 1172, 1173, 1175, 1176, 1179, 1194, 1215, 1216, 1234, 1235, 1332, 1334, 1335, 1379, 1515, 1553, 1582, 1629, 1630, 1779, 1785, 1786, 1787, 1788, 1805, 1825, 1827, 1828, 2036, 2088, 2165, 2166, 2185, 2194, 2195, 2200, 2203, 2204, 2205, 2206, 2210, 2220, 2223, 2224, 2225, 2241, 2242, 2243, 2274, 2286, 2312, 2340, 2344, 2347, 2387, 2389, 2538, 2539, 2581, 2590, 2591, 2593, 2682, 2766, 2915, 2986, 2987, 2989, 2990, 2992, 2995, 2997, 3012, 3028, 3029, 3030, 3048, 3288, 3392, 3396, 3558, 3560]
singleton cluster id: 972 ; true_algo_ham_mean: 97.58333333333333 ; origin_ham_mean: 83.72727272727273 ; guessed index: ATAGAA ; singleton index: ACTAGG

singleton_cluster_id=1098 ; value=(0.8, 4, 5)
true algo cluster = 1097 ; len = 4 ; candidates = [14, 62, 64, 161, 165, 174, 176, 177, 219, 226, 229, 377, 408, 452, 469, 471, 477, 478, 479, 480, 516, 523, 530, 554, 555, 579, 594, 648, 658, 672, 675, 678, 680, 686, 692, 707, 748, 774, 775, 777, 785, 787, 804, 815, 822, 823, 833, 835, 859, 880, 902, 929, 933, 935, 942, 943, 945, 951, 965, 967, 969, 973, 975, 976, 994, 995, 997, 998, 999, 1004, 1013, 1014, 1025, 1040, 1048, 1080, 1081, 1085, 1086, 1087, 1088, 1089, 1090, 1091, 1092, 1094, 1095, 1096, 1099, 1100, 1101, 1104, 1109, 1110, 1114, 1118, 1119, 1120, 1124, 1127, 1128, 1130, 1134, 1137, 1138, 1139, 1140, 1141, 1142, 1145, 1147, 1148, 1149, 1150, 1151, 1155, 1157, 1158, 1160, 1161, 1163, 1164, 1168, 1169, 1172, 1173, 1178, 1179, 1199, 1204, 1220, 1221, 1231, 1238, 1416, 1483, 1920, 2016, 2214, 2307, 2308, 2316, 2318, 2335, 2355, 2374, 2375, 2407, 2410, 2546, 2587, 2611, 2612, 2717, 2730, 2750, 2920, 3221, 3296, 3415, 3433, 3497, 3500, 3506, 3508, 3520, 3522]
singleton cluster id: 1098 ; true_algo_ham_mean: 97.5 ; origin_ham_mean: 81.66666666666667 ; guessed index: ATTGTT ; singleton index: ATGATC

singleton_cluster_id=1399 ; value=(0.8333333333333334, 5, 6)
true algo cluster = 1398 ; len = 50 ; candidates = [5, 6, 142, 161, 165, 167, 172, 176, 185, 187, 188, 189, 198, 209, 227, 228, 230, 246, 322, 341, 353, 469, 519, 604, 636, 639, 640, 641, 642, 646, 648, 657, 658, 660, 675, 676, 705, 714, 775, 777, 849, 850, 912, 996, 1089, 1090, 1243, 1247, 1248, 1250, 1251, 1262, 1264, 1265, 1266, 1267, 1268, 1270, 1274, 1275, 1277, 1281, 1288, 1289, 1306, 1307, 1312, 1324, 1327, 1328, 1329, 1330, 1346, 1347, 1349, 1360, 1381, 1382, 1395, 1396, 1397, 1400, 1401, 1403, 1404, 1407, 1408, 1409, 1410, 1411, 1413, 1415, 1416, 1417, 1418, 1419, 1420, 1421, 1422, 1423, 1428, 1430, 1436, 1437, 1439, 1441, 1451, 1456, 1457, 1458, 1460, 1464, 1473, 1474, 1475, 1476, 1477, 1479, 1483, 1492, 1493, 1494, 1495, 1497, 1511, 1513, 1529, 1547, 1548, 1562, 1624, 1639, 1696, 1698, 1701, 1702, 1707, 1709, 1717, 1720, 1721, 1725, 1733, 1743, 1784, 1858, 1871, 1876, 1877, 1878, 1879, 1880, 1882, 1883, 1887, 1897, 1905, 1931, 1932, 1933, 2002, 2003, 2006, 2007, 2008, 2016, 2023, 2024, 2025, 2027, 2032, 2044, 2064, 2066, 2082, 2083, 2137, 2150, 2199, 2235, 2238, 2307, 2308, 2309, 2325, 2327, 2328, 2367, 2368, 2382, 2383, 2459, 2460, 2475, 2493, 2531, 2532, 2557, 2587, 2602, 2603, 2604, 2607, 2611, 2619, 2621, 2622, 2630, 2638, 2677, 2678, 2680, 2758, 2759, 2910, 3212, 3213, 3497, 3500, 3550, 3567, 3569]
singleton cluster id: 1399 ; true_algo_ham_mean: 118.5 ; origin_ham_mean: 86.72727272727273 ; guessed index: CGTCCC ; singleton index: CAGACC

singleton_cluster_id=1574 ; value=(0.8333333333333334, 5, 6)
true algo cluster = 1573 ; len = 5 ; candidates = [205, 326, 335, 336, 339, 342, 343, 344, 350, 356, 361, 381, 399, 400, 404, 437, 493, 519, 571, 732, 948, 1052, 1262, 1266, 1267, 1268, 1269, 1270, 1271, 1272, 1274, 1275, 1286, 1289, 1310, 1312, 1329, 1350, 1360, 1363, 1365, 1367, 1369, 1372, 1374, 1382, 1388, 1423, 1496, 1516, 1547, 1548, 1552, 1553, 1556, 1559, 1560, 1561, 1562, 1563, 1564, 1566, 1568, 1569, 1570, 1571, 1572, 1577, 1581, 1584, 1585, 1586, 1587, 1588, 1589, 1590, 1591, 1592, 1593, 1594, 1595, 1596, 1597, 1598, 1600, 1605, 1606, 1607, 1608, 1609, 1610, 1612, 1624, 1626, 1628, 1644, 1645, 1648, 1649, 1653, 1657, 1658, 1661, 1662, 1663, 1664, 1665, 1668, 1682, 1700, 1701, 1702, 1704, 1707, 1709, 1720, 1721, 1726, 1727, 1729, 1733, 1742, 1745, 1784, 1786, 1798, 1800, 1801, 1804, 1805, 1820, 1822, 1826, 1854, 1862, 1871, 1877, 1878, 1883, 1884, 1887, 1906, 1918, 1931, 1932, 1933, 2036, 2100, 2137, 2175, 2179, 2180, 2182, 2183, 2185, 2186, 2221, 2235, 2236, 2238, 2240, 2258, 2273, 2274, 2330, 2344, 2425, 2479, 2743, 2765, 2774, 2778, 2781, 2782, 2784, 2786, 2796, 2801, 2834, 2835, 2836, 2840, 2858, 2935, 2936, 3011, 3377, 3379]
singleton cluster id: 1574 ; true_algo_ham_mean: 97.2 ; origin_ham_mean: 78.75 ; guessed index: CCAATT ; singleton index: CCACGC

singleton_cluster_id=1728 ; value=(0.75, 3, 4)
true algo cluster = 1727 ; len = 3 ; candidates = [62, 121, 122, 433, 482, 493, 519, 652, 696, 698, 737, 746, 752, 888, 1281, 1324, 1330, 1360, 1361, 1366, 1374, 1413, 1414, 1416, 1423, 1508, 1579, 1596, 1620, 1625, 1626, 1656, 1658, 1659, 1660, 1663, 1668, 1678, 1695, 1696, 1698, 1699, 1700, 1701, 1702, 1705, 1709, 1713, 1726, 1742, 1745, 1758, 1762, 1765, 1799, 1871, 1876, 1883, 1891, 1892, 1893, 1895, 1897, 1905, 1906, 1926, 1928, 1930, 1932, 1933, 1934, 1935, 1936, 1940, 1944, 1945, 1946, 1947, 1948, 1949, 1963, 1965, 1966, 1967, 1968, 1969, 1970, 1971, 1975, 1976, 1978, 1981, 1982, 1983, 1984, 1985, 1986, 1988, 1990, 1997, 1998, 2002, 2003, 2006, 2007, 2008, 2009, 2011, 2014, 2016, 2018, 2020, 2027, 2032, 2039, 2040, 2041, 2044, 2046, 2048, 2049, 2059, 2077, 2095, 2100, 2110, 2111, 2114, 2116, 2117, 2119, 2121, 2130, 2137, 2231, 2266, 2267, 2269, 2279, 2306, 2321, 2330, 2346, 2359, 2388, 2405, 2417, 2565, 2601, 2866, 2867, 2904, 2905, 2906, 2907, 2909, 2910, 2911, 2912, 2914, 2920, 2934, 2935, 2936, 2944, 2960, 3141, 3160, 3165, 3172, 3174, 3176, 3177, 3179, 3186, 3189, 3191, 3215, 3242, 3274, 3313, 3457, 3496, 3529, 3580]
singleton cluster id: 1728 ; true_algo_ham_mean: 104.33333333333333 ; origin_ham_mean: 84.5 ; guessed index: CCGCTC ; singleton index: CGCGAC

singleton_cluster_id=2029 ; value=(0.9795918367346939, 48, 49)
true algo cluster = 3581 ; len = 48 ; candidates = [168, 206, 354, 364, 412, 434, 441, 442, 443, 458, 466, 483, 489, 503, 504, 510, 511, 512, 514, 518, 526, 701, 781, 797, 1125, 1283, 1361, 1368, 1370, 1371, 1404, 1405, 1424, 1432, 1434, 1435, 1438, 1440, 1442, 1452, 1508, 1554, 1560, 1580, 1581, 1582, 1583, 1586, 1588, 1590, 1591, 1593, 1597, 1627, 1651, 1656, 1658, 1659, 1660, 1664, 1666, 1667, 1669, 1671, 1675, 1679, 1695, 1696, 1698, 1699, 1700, 1702, 1703, 1704, 1705, 1706, 1708, 1709, 1710, 1713, 1715, 1716, 1717, 1718, 1719, 1723, 1726, 1729, 1730, 1735, 1738, 1739, 1741, 1743, 1744, 1746, 1747, 1748, 1749, 1750, 1751, 1752, 1753, 1754, 1755, 1756, 1757, 1758, 1760, 1761, 1762, 1763, 1764, 1767, 1768, 1769, 1773, 1774, 1775, 1779, 1783, 1785, 1795, 1812, 1814, 1815, 1817, 1818, 1819, 1825, 1827, 1828, 1845, 1893, 1917, 1929, 1963, 1965, 1966, 1969, 1971, 1974, 2009, 2010, 2011, 2012, 2013, 2014, 2018, 2030, 2039, 2040, 2041, 2045, 2047, 2050, 2051, 2057, 2060, 2061, 2193, 2195, 2265, 2267, 2276, 2277, 2278, 2279, 2303, 2304, 2306, 2310, 2311, 2319, 2322, 2323, 2339, 2342, 2345, 2349, 2352, 2357, 2359, 2363, 2388, 2418, 2606, 2635, 2790, 2791, 2803, 2868, 2869, 2870, 2875, 2877, 2878, 2904, 2912, 2916, 2917, 2922, 2927, 2943, 2944, 2945, 2946, 2953, 2991, 3218, 3503, 3526, 3570]
singleton cluster id: 2029 ; true_algo_ham_mean: 97.41666666666667 ; origin_ham_mean: 74.36363636363636 ; guessed index: CGGCGG ; singleton index: CCGGAG

singleton_cluster_id=2170 ; value=(0.5, 1, 2)
true algo cluster = 2169 ; len = 2 ; candidates = [67, 68, 74, 134, 139, 140, 184, 193, 205, 208, 215, 222, 231, 232, 235, 237, 282, 325, 343, 352, 360, 363, 366, 367, 369, 371, 375, 381, 383, 385, 396, 412, 435, 440, 446, 448, 449, 451, 459, 461, 472, 473, 475, 476, 477, 479, 481, 493, 494, 496, 502, 503, 504, 508, 510, 512, 513, 514, 518, 522, 524, 525, 526, 527, 528, 529, 530, 531, 532, 533, 534, 535, 536, 537, 538, 539, 540, 542, 543, 549, 550, 578, 579, 580, 581, 593, 595, 598, 599, 603, 609, 611, 612, 613, 679, 731, 734, 761, 778, 808, 809, 826, 827, 829, 831, 837, 838, 839, 844, 847, 853, 854, 867, 883, 885, 886, 887, 888, 894, 901, 917, 978, 1055, 1061, 1073, 1105, 1121, 1142, 1156, 1203, 1206, 1233, 1332, 1387, 1508, 1608, 1726, 1740, 1746, 1756, 1757, 1761, 1767, 1770, 1771, 1843, 1844, 1990, 1991, 2067, 2085, 2110, 2111, 2112, 2113, 2114, 2115, 2125, 2133, 2141, 2293, 2578, 2589, 2661, 2662, 2793, 2817, 2913, 2934, 2951, 2959, 2961, 2962, 2964, 2968, 2971, 2973, 2978, 3020, 3040, 3264, 3330, 3341, 3558]
singleton cluster id: 2170 ; true_algo_ham_mean: 102.5 ; origin_ham_mean: 99.0 ; guessed index: CTAATG ; singleton index: ACGTGA

singleton_cluster_id=2293 ; value=(0.896551724137931, 26, 29)
true algo cluster = 2028 ; len = 26 ; candidates = [33, 130, 140, 177, 181, 182, 186, 195, 197, 200, 233, 345, 347, 349, 351, 359, 363, 369, 380, 382, 389, 420, 425, 426, 428, 430, 438, 446, 450, 452, 454, 456, 457, 459, 460, 463, 466, 470, 473, 475, 477, 478, 479, 481, 482, 483, 486, 488, 489, 491, 492, 493, 494, 495, 496, 498, 499, 500, 501, 503, 509, 510, 512, 514, 516, 518, 520, 521, 522, 523, 525, 526, 530, 531, 534, 535, 536, 537, 538, 539, 540, 556, 557, 562, 569, 572, 576, 577, 587, 595, 597, 616, 643, 649, 680, 708, 728, 729, 732, 735, 739, 748, 753, 759, 761, 762, 763, 766, 767, 790, 797, 800, 801, 803, 804, 805, 806, 824, 834, 841, 857, 881, 1041, 1053, 1054, 1061, 1077, 1100, 1115, 1118, 1119, 1120, 1139, 1155, 1195, 1200, 1365, 1367, 1385, 1424, 1429, 1447, 1651, 1718, 1723, 1727, 1732, 1735, 1736, 1737, 1754, 1769, 1773, 1799, 1813, 1888, 1917, 1950, 1961, 1978, 1987, 1990, 1991, 1992, 1993, 1994, 2051, 2106, 2170, 2562, 2570, 2578, 2612, 2887, 2921, 2922, 2927, 2931, 2937, 2941, 2942, 2970, 3016, 3198, 3200, 3237, 3554, 3558, 3560, 3566]
singleton cluster id: 2293 ; true_algo_ham_mean: 95.83333333333333 ; origin_ham_mean: 80.81818181818181 ; guessed index: CTCCTA ; singleton index: ACGCTG

singleton_cluster_id=2592 ; value=(0.975, 39, 40)
true algo cluster = 2591 ; len = 39 ; candidates = [208, 390, 502, 808, 809, 815, 884, 885, 886, 894, 978, 980, 1055, 1107, 1108, 1113, 1121, 1123, 1130, 1131, 1132, 1133, 1134, 1135, 1137, 1140, 1153, 1154, 1212, 1213, 1431, 1433, 1450, 1746, 2042, 2112, 2113, 2115, 2118, 2120, 2122, 2193, 2194, 2196, 2265, 2276, 2303, 2313, 2334, 2338, 2339, 2341, 2342, 2343, 2349, 2352, 2354, 2356, 2433, 2496, 2608, 2632, 2634, 2636, 2637, 2640, 2641, 2642, 2644, 2645, 2646, 2648, 2654, 2661, 2662, 2687, 2714, 2716, 2719, 2721, 2723, 2725, 2727, 2791, 2799, 2800, 2870, 2875, 2913, 2925, 2934, 2943, 2945, 2946, 2951, 2952, 2953, 2954, 2957, 2968, 3018, 3028, 3029, 3030, 3102, 3150, 3181, 3182, 3183, 3215, 3216, 3218, 3222, 3230, 3233, 3240, 3241, 3242, 3243, 3244, 3247, 3248, 3249, 3250, 3251, 3252, 3253, 3254, 3255, 3259, 3264, 3314, 3321, 3323, 3348, 3358, 3376, 3385, 3386, 3390, 3393, 3394, 3395, 3397, 3398, 3401, 3430, 3445, 3456, 3458, 3459, 3461, 3465, 3466, 3467, 3468, 3477, 3484, 3491, 3492, 3493, 3498, 3499, 3501, 3502, 3503, 3504, 3505, 3509, 3511, 3517, 3518, 3519, 3523, 3524, 3525, 3526, 3527, 3528, 3530, 3531, 3532, 3533, 3534, 3535, 3536, 3537, 3538, 3539, 3540, 3541, 3544, 3559, 3594]
singleton cluster id: 2592 ; true_algo_ham_mean: 98.58333333333333 ; origin_ham_mean: 81.72727272727273 ; guessed index: GACTGG ; singleton index: GTGGGA

singleton_cluster_id=2670 ; value=(0.967741935483871, 30, 31)
true algo cluster = 2669 ; len = 30 ; candidates = [46, 352, 355, 356, 359, 360, 361, 362, 365, 370, 447, 505, 513, 517, 665, 687, 704, 747, 750, 1159, 1295, 1362, 1375, 1406, 1426, 1435, 1443, 1444, 1448, 1462, 1469, 1518, 1581, 1583, 1586, 1587, 1588, 1590, 1591, 1592, 1593, 1594, 1597, 1598, 1612, 1670, 1672, 1674, 1730, 1750, 1755, 1759, 1907, 1924, 1927, 1937, 1938, 1975, 1979, 2206, 2461, 2481, 2490, 2491, 2495, 2496, 2497, 2498, 2499, 2500, 2505, 2538, 2539, 2542, 2574, 2631, 2634, 2643, 2645, 2646, 2647, 2649, 2650, 2657, 2660, 2724, 2736, 2743, 2745, 2756, 2760, 2762, 2763, 2765, 2766, 2768, 2771, 2772, 2780, 2781, 2782, 2784, 2787, 2788, 2789, 2791, 2793, 2794, 2795, 2796, 2797, 2798, 2799, 2800, 2801, 2802, 2803, 2804, 2805, 2806, 2807, 2811, 2817, 2821, 2825, 2841, 2860, 2870, 2874, 2875, 2877, 2878, 2879, 2882, 2883, 2915, 2938, 2945, 2948, 2950, 2951, 2952, 2953, 2954, 2955, 2956, 2957, 2958, 2963, 2973, 2995, 3018, 3022, 3025, 3026, 3028, 3029, 3030, 3031, 3032, 3033, 3035, 3037, 3038, 3058, 3069, 3100, 3102, 3106, 3107, 3108, 3109, 3110, 3112, 3145, 3147, 3248, 3325, 3327, 3384, 3386, 3388, 3390, 3393, 3394, 3395, 3397, 3398, 3400, 3401, 3414, 3429, 3459, 3535, 3537, 3570, 3571, 3579, 3588, 3589]
singleton cluster id: 2670 ; true_algo_ham_mean: 97.66666666666667 ; origin_ham_mean: 81.72727272727273 ; guessed index: GAGTTT ; singleton index: GCAGGT

singleton_cluster_id=2745 ; value=(0.9655172413793104, 28, 29)
true algo cluster = 2744 ; len = 28 ; candidates = [51, 53, 370, 633, 635, 650, 654, 665, 666, 668, 670, 687, 690, 745, 755, 757, 782, 783, 787, 825, 911, 1278, 1299, 1402, 1579, 1646, 1868, 1890, 1895, 1899, 1904, 1907, 1911, 1924, 1927, 2026, 2038, 2054, 2055, 2081, 2128, 2209, 2462, 2470, 2484, 2486, 2487, 2491, 2495, 2500, 2502, 2504, 2505, 2519, 2520, 2524, 2579, 2609, 2613, 2629, 2650, 2654, 2655, 2658, 2659, 2665, 2666, 2668, 2669, 2670, 2671, 2732, 2736, 2738, 2741, 2771, 2772, 2788, 2794, 2798, 2804, 2805, 2807, 2825, 2829, 2882, 2919, 2923, 2955, 2958, 2963, 3022, 3032, 3033, 3037, 3058, 3069, 3071, 3075, 3077, 3078, 3080, 3088, 3092, 3093, 3094, 3095, 3096, 3098, 3099, 3100, 3101, 3102, 3103, 3104, 3105, 3106, 3107, 3108, 3109, 3110, 3111, 3112, 3113, 3116, 3117, 3119, 3120, 3122, 3128, 3129, 3130, 3131, 3132, 3147, 3151, 3165, 3170, 3185, 3186, 3187, 3188, 3196, 3201, 3202, 3204, 3205, 3219, 3222, 3223, 3224, 3235, 3240, 3244, 3248, 3256, 3259, 3262, 3263, 3266, 3268, 3269, 3270, 3271, 3272, 3273, 3274, 3275, 3276, 3290, 3292, 3320, 3325, 3326, 3327, 3328, 3329, 3331, 3343, 3345, 3346, 3365, 3366, 3383, 3388, 3397, 3398, 3399, 3400, 3401, 3416, 3417, 3418, 3419, 3472, 3508, 3537, 3539, 3541, 3548, 3552, 3579, 3589]
singleton cluster id: 2745 ; true_algo_ham_mean: 96.58333333333333 ; origin_ham_mean: 80.54545454545455 ; guessed index: GATTGT ; singleton index: GGAGTT

singleton_cluster_id=2794 ; value=(0.9736842105263158, 37, 38)
true algo cluster = 2793 ; len = 37 ; candidates = [51, 53, 263, 351, 355, 359, 365, 366, 367, 368, 369, 370, 386, 391, 507, 520, 521, 586, 670, 706, 709, 745, 755, 757, 911, 1299, 1376, 1408, 1427, 1443, 1446, 1448, 1451, 1454, 1455, 1458, 1462, 1463, 1464, 1465, 1469, 1520, 1521, 1523, 1558, 1573, 1577, 1583, 1587, 1592, 1594, 1595, 1598, 1614, 1615, 1616, 1618, 1759, 1774, 1775, 1830, 1832, 1924, 1925, 1927, 1938, 1943, 2209, 2357, 2366, 2470, 2484, 2486, 2487, 2491, 2495, 2500, 2502, 2504, 2505, 2519, 2520, 2524, 2542, 2543, 2579, 2613, 2629, 2650, 2654, 2655, 2658, 2659, 2665, 2666, 2668, 2669, 2670, 2671, 2707, 2732, 2736, 2738, 2743, 2745, 2756, 2760, 2762, 2768, 2769, 2770, 2771, 2772, 2780, 2784, 2785, 2786, 2787, 2788, 2789, 2795, 2796, 2797, 2798, 2799, 2800, 2801, 2802, 2804, 2805, 2806, 2807, 2808, 2811, 2815, 2819, 2820, 2821, 2822, 2823, 2824, 2825, 2829, 2841, 2842, 2844, 2874, 2879, 2880, 2882, 2883, 2892, 2894, 2901, 2918, 2919, 2923, 2942, 2950, 2954, 2955, 2956, 2957, 2958, 2961, 2963, 2967, 2970, 2972, 2973, 2974, 2975, 2976, 2995, 2999, 3001, 3017, 3019, 3022, 3026, 3031, 3032, 3033, 3034, 3035, 3036, 3037, 3038, 3047, 3055, 3059, 3094, 3095, 3100, 3101, 3106, 3110, 3112, 3128, 3129, 3132, 3145, 3147, 3151, 3187, 3188, 3256, 3326, 3331, 3365, 3366, 3383, 3388, 3397, 3398, 3399, 3400, 3401, 3416, 3417, 3418, 3419, 3432, 3472, 3537, 3539, 3541, 3548, 3552, 3566, 3589]
singleton cluster id: 2794 ; true_algo_ham_mean: 95.58333333333333 ; origin_ham_mean: 73.36363636363636 ; guessed index: GCATGA ; singleton index: GCAGTT

singleton_cluster_id=2881 ; value=(0.9767441860465116, 42, 43)
true algo cluster = 3589 ; len = 42 ; candidates = [26, 205, 343, 395, 412, 413, 415, 416, 417, 418, 426, 435, 437, 440, 444, 716, 718, 721, 722, 980, 1351, 1636, 1637, 1642, 1647, 1648, 1649, 1652, 1656, 1657, 1658, 1659, 1660, 1661, 1662, 1666, 1667, 1673, 1695, 1699, 1700, 1705, 1713, 1726, 1759, 1844, 1951, 1954, 1955, 1959, 1963, 1966, 1979, 2340, 2547, 2550, 2552, 2555, 2556, 2558, 2559, 2560, 2564, 2569, 2575, 2586, 2589, 2753, 2763, 2773, 2777, 2779, 2781, 2782, 2783, 2784, 2785, 2790, 2791, 2792, 2793, 2799, 2800, 2803, 2809, 2817, 2826, 2830, 2832, 2835, 2836, 2837, 2839, 2840, 2841, 2846, 2847, 2848, 2849, 2850, 2851, 2852, 2853, 2854, 2855, 2856, 2857, 2858, 2859, 2860, 2861, 2862, 2863, 2865, 2866, 2867, 2868, 2869, 2870, 2871, 2873, 2875, 2876, 2877, 2878, 2879, 2880, 2883, 2884, 2885, 2886, 2887, 2889, 2891, 2895, 2897, 2898, 2900, 2901, 2908, 2913, 2924, 2929, 2931, 2934, 2935, 2936, 2937, 2938, 2939, 2945, 2948, 2951, 2968, 3002, 3006, 3010, 3011, 3012, 3013, 3014, 3018, 3020, 3040, 3060, 3089, 3143, 3148, 3152, 3153, 3159, 3163, 3164, 3166, 3167, 3171, 3190, 3197, 3230, 3233, 3304, 3376, 3421, 3430, 3436, 3438, 3440, 3443, 3445, 3447, 3449, 3450, 3456, 3458, 3462, 3517, 3578, 3585, 3593, 3594]
singleton cluster id: 2881 ; true_algo_ham_mean: 98.08333333333333 ; origin_ham_mean: 81.36363636363636 ; guessed index: GCCGTT ; singleton index: GCCCGA

singleton_cluster_id=2892 ; value=(0.92, 23, 25)
true algo cluster = 2891 ; len = 23 ; candidates = [63, 74, 263, 368, 372, 376, 377, 378, 380, 381, 382, 385, 386, 387, 389, 391, 462, 480, 507, 530, 606, 607, 608, 686, 706, 707, 709, 760, 977, 997, 1004, 1249, 1446, 1451, 1464, 1483, 1496, 1513, 1528, 1529, 1530, 1531, 1532, 1534, 1556, 1595, 1600, 1605, 1607, 1613, 1614, 1615, 1616, 1618, 1685, 1772, 1840, 1850, 1923, 1925, 1940, 1943, 1997, 1998, 2131, 2421, 2449, 2462, 2467, 2502, 2503, 2508, 2511, 2513, 2514, 2520, 2521, 2522, 2524, 2543, 2546, 2576, 2583, 2667, 2668, 2681, 2691, 2708, 2710, 2717, 2718, 2720, 2730, 2736, 2737, 2738, 2739, 2740, 2742, 2743, 2750, 2754, 2758, 2759, 2765, 2769, 2770, 2771, 2772, 2774, 2778, 2782, 2785, 2786, 2788, 2793, 2794, 2796, 2801, 2804, 2805, 2808, 2810, 2811, 2812, 2813, 2814, 2815, 2816, 2817, 2819, 2820, 2821, 2822, 2823, 2824, 2825, 2842, 2843, 2844, 2851, 2884, 2890, 2894, 2896, 2900, 2902, 2918, 2919, 2920, 2923, 2956, 2960, 2961, 2963, 2970, 2974, 2975, 2976, 2985, 2988, 2999, 3001, 3005, 3015, 3024, 3034, 3041, 3044, 3045, 3046, 3047, 3049, 3051, 3052, 3053, 3054, 3055, 3057, 3059, 3093, 3115, 3119, 3120, 3123, 3125, 3128, 3129, 3130, 3131, 3132, 3149, 3151, 3203, 3206, 3271, 3338, 3344, 3381, 3382, 3399, 3403, 3408, 3410, 3412, 3416, 3418, 3419, 3432, 3433, 3480, 3487, 3548, 3563, 3583]
singleton cluster id: 2892 ; true_algo_ham_mean: 98.58333333333333 ; origin_ham_mean: 88.27272727272727 ; guessed index: GCCTCG ; singleton index: GCATTC

singleton_cluster_id=2916 ; value=(0.5, 2, 4)
true algo cluster = 2918 ; len = 2 ; candidates = [168, 206, 354, 424, 434, 466, 483, 489, 503, 504, 510, 512, 514, 518, 526, 731, 734, 741, 742, 743, 744, 781, 797, 980, 1123, 1125, 1405, 1424, 1434, 1443, 1450, 1453, 1508, 1582, 1703, 1705, 1706, 1708, 1718, 1738, 1739, 1744, 1747, 1748, 1749, 1754, 1760, 1769, 1818, 1893, 1924, 1965, 1969, 1971, 1974, 2010, 2011, 2012, 2013, 2014, 2029, 2041, 2051, 2057, 2060, 2061, 2311, 2353, 2566, 2571, 2572, 2573, 2606, 2608, 2609, 2624, 2632, 2633, 2635, 2639, 2641, 2644, 2648, 2649, 2653, 2657, 2660, 2715, 2767, 2789, 2790, 2791, 2797, 2799, 2800, 2802, 2803, 2805, 2865, 2866, 2867, 2868, 2869, 2870, 2873, 2875, 2877, 2878, 2903, 2904, 2905, 2909, 2912, 2913, 2914, 2915, 2917, 2921, 2924, 2925, 2926, 2927, 2928, 2931, 2934, 2937, 2941, 2943, 2944, 2945, 2946, 2947, 2949, 2950, 2951, 2952, 2953, 2954, 2955, 2956, 2957, 2958, 2959, 2960, 2962, 2966, 2968, 2969, 2970, 2971, 2972, 2978, 2991, 2993, 2997, 3004, 3018, 3021, 3028, 3029, 3030, 3036, 3060, 3099, 3121, 3174, 3180, 3182, 3183, 3215, 3216, 3217, 3218, 3219, 3222, 3240, 3241, 3242, 3243, 3244, 3251, 3252, 3255, 3273, 3286, 3323, 3341, 3387, 3456, 3465, 3466, 3490, 3498, 3503, 3509, 3523, 3526, 3530, 3532, 3533, 3534, 3536, 3538, 3585, 3591]
singleton cluster id: 2916 ; true_algo_ham_mean: 101.5 ; origin_ham_mean: 91.0 ; guessed index: GCGTTC ; singleton index: GCGGAG

singleton_cluster_id=2963 ; value=(0.8, 4, 5)
true algo cluster = 2962 ; len = 4 ; candidates = [51, 53, 263, 351, 355, 359, 365, 366, 367, 368, 369, 370, 386, 391, 507, 520, 521, 586, 670, 706, 709, 745, 755, 757, 911, 1299, 1376, 1408, 1427, 1443, 1446, 1448, 1451, 1454, 1455, 1458, 1462, 1463, 1464, 1465, 1469, 1520, 1521, 1523, 1558, 1573, 1577, 1583, 1587, 1592, 1594, 1595, 1598, 1614, 1615, 1616, 1618, 1759, 1774, 1775, 1830, 1832, 1924, 1925, 1927, 1938, 1943, 2209, 2357, 2366, 2470, 2484, 2486, 2487, 2491, 2495, 2500, 2502, 2504, 2505, 2519, 2520, 2524, 2542, 2543, 2579, 2613, 2629, 2650, 2654, 2655, 2658, 2659, 2665, 2666, 2668, 2669, 2670, 2671, 2707, 2732, 2736, 2738, 2743, 2745, 2756, 2760, 2762, 2768, 2769, 2770, 2771, 2772, 2780, 2784, 2785, 2786, 2787, 2788, 2789, 2794, 2795, 2796, 2797, 2798, 2799, 2800, 2801, 2802, 2804, 2805, 2806, 2807, 2808, 2811, 2815, 2819, 2820, 2821, 2822, 2823, 2824, 2825, 2829, 2841, 2842, 2844, 2874, 2879, 2880, 2882, 2883, 2892, 2894, 2901, 2918, 2919, 2923, 2942, 2950, 2954, 2955, 2956, 2957, 2958, 2961, 2967, 2970, 2972, 2973, 2974, 2975, 2976, 2995, 2999, 3001, 3017, 3019, 3022, 3026, 3031, 3032, 3033, 3034, 3035, 3036, 3037, 3038, 3047, 3055, 3059, 3094, 3095, 3100, 3101, 3106, 3110, 3112, 3128, 3129, 3132, 3145, 3147, 3151, 3187, 3188, 3256, 3326, 3331, 3365, 3366, 3383, 3388, 3397, 3398, 3399, 3400, 3401, 3416, 3417, 3418, 3419, 3432, 3472, 3537, 3539, 3541, 3548, 3552, 3566, 3589]
singleton cluster id: 2963 ; true_algo_ham_mean: 95.5 ; origin_ham_mean: 86.0 ; guessed index: GCGTAA ; singleton index: GCAGTT

count_how_many_candidates_we_missed=20
ham_dist_candidates_and_origins={416: (84.16666666666667, 84.16666666666667, True), 889: (79.16666666666667, 79.16666666666667, True), 1215: (86.33333333333333, 86.33333333333333, True), 1333: (75.33333333333333, 75.33333333333333, True), 1460: (84.25, 84.25, True), 1564: (78.41666666666667, 78.41666666666667, True), 1616: (99.66666666666667, 99.66666666666667, True), 1629: (89.83333333333333, 89.83333333333333, True), 1645: (87.08333333333333, 87.08333333333333, True), 1654: (86.83333333333333, 86.83333333333333, True), 2036: (85.75, 85.75, True), 2130: (69.33333333333333, 60.0, False), 2137: (69.83333333333333, 60.0, False), 2174: (78.08333333333333, 78.08333333333333, True), 2396: (91.91666666666667, 91.91666666666667, True), 2420: (89.8, 89.8, True), 2555: (83.16666666666667, 83.16666666666667, True), 2570: (89.33333333333333, 89.33333333333333, True), 2635: (73.08333333333333, 73.08333333333333, True), 2709: (93.33333333333333, 89.0, False), 2736: (86.83333333333333, 86.83333333333333, True), 2760: (75.0, 75.0, True), 2761: (75.0, 75.0, True), 2824: (80.83333333333333, 80.83333333333333, True), 2836: (95.5, 93.0, False), 2847: (78.75, 78.75, True), 3298: (93.75, 93.75, True), 3392: (91.58333333333333, 84.0, False), 3835: (109.91666666666667, 100.0, False), 3867: (85.75, 85.75, True), 4014: (93.41666666666667, 93.41666666666667, True), 4068: (96.33333333333333, 96.33333333333333, True), 4112: (86.83333333333333, 86.83333333333333, True), 4116: (99.33333333333333, 91.0, False), 4180: (83.58333333333333, 83.58333333333333, True), 4343: (99.66666666666667, 112.0, False), 4410: (78.16666666666667, 78.16666666666667, True), 4453: (84.83333333333333, 84.83333333333333, True), 4729: (94.83333333333333, 94.83333333333333, True), 4750: (81.41666666666667, 81.41666666666667, True), 5146: (70.0, 70.0, True), 5180: (92.0, 92.0, True), 5275: (77.25, 77.25, True), 5460: (80.08333333333333, 80.08333333333333, True), 5474: (81.08333333333333, 81.08333333333333, True), 5555: (93.0, 93.0, True), 5556: (93.0, 93.0, True), 5761: (86.9, 86.9, True), 5912: (88.41666666666667, 88.41666666666667, True), 6191: (97.91666666666667, 106.0, False), 6209: (86.25, 86.25, True), 6374: (79.0, 79.0, True), 6535: (74.22222222222223, 74.22222222222223, True), 6591: (99.25, 99.25, True), 7551: (91.41666666666667, 91.41666666666667, True), 7573: (87.5, 87.5, True), 7827: (91.91666666666667, 91.91666666666667, True), 7977: (83.0, 83.0, True), 8025: (84.58333333333333, 84.58333333333333, True), 8175: (90.25, 90.25, True), 8244: (102.33333333333333, 102.33333333333333, True), 8404: (88.16666666666667, 88.16666666666667, True), 8443: (92.25, 92.25, True), 8800: (82.75, 82.75, True), 8835: (85.41666666666667, 85.41666666666667, True), 9641: (87.16666666666667, 87.16666666666667, True), 10037: (86.0, 86.0, True), 10038: (86.0, 86.0, True), 10203: (94.33333333333333, 94.33333333333333, True), 10328: (79.0, 79.0, True), 10366: (88.66666666666667, 88.66666666666667, True), 10784: (77.25, 77.25, True), 10901: (81.41666666666667, 81.41666666666667, True), 10980: (80.83333333333333, 80.83333333333333, True), 11008: (80.5, 80.5, True), 11028: (77.0, 77.0, True), 11092: (85.33333333333333, 85.33333333333333, True), 11177: (88.16666666666667, 88.16666666666667, True), 11770: (87.08333333333333, 87.08333333333333, True), 11845: (83.83333333333333, 83.83333333333333, True), 12003: (70.5, 70.5, True), 12359: (93.0, 93.0, True), 12371: (89.66666666666667, 89.66666666666667, True), 12503: (85.33333333333333, 85.33333333333333, True), 12522: (94.5, 94.5, True), 12604: (77.33333333333333, 77.33333333333333, True), 13056: (74.83333333333333, 74.83333333333333, True), 13978: (103.91666666666667, 103.91666666666667, True), 14044: (82.25, 82.25, True), 14682: (102.0, 102.0, True), 14686: (80.16666666666667, 80.16666666666667, True), 14804: (75.0, 75.0, True), 14805: (75.0, 75.0, True), 14911: (91.08333333333333, 91.08333333333333, True), 15249: (102.0, 102.0, True), 15285: (79.55555555555556, 79.55555555555556, True), 15316: (92.83333333333333, 92.83333333333333, True), 15421: (88.83333333333333, 88.83333333333333, True), 15465: (78.58333333333333, 78.58333333333333, True), 15644: (92.91666666666667, 92.91666666666667, True), 15811: (96.66666666666667, 99.0, False), 15814: (85.83333333333333, 85.83333333333333, True), 15929: (79.5, 79.5, True), 15968: (87.5, 87.5, True), 16357: (87.91666666666667, 87.91666666666667, True), 16487: (89.41666666666667, 89.41666666666667, True), 16785: (82.83333333333333, 82.83333333333333, True), 17100: (98.58333333333333, 98.58333333333333, True), 17160: (90.5, 90.5, True), 17303: (95.85714285714286, 94.08333333333333, False), 17360: (80.08333333333333, 80.08333333333333, True), 17498: (83.0, 83.0, True), 17729: (86.83333333333333, 86.83333333333333, True), 17910: (88.08333333333333, 88.08333333333333, True), 18006: (88.83333333333333, 88.83333333333333, True), 18242: (86.41666666666667, 86.41666666666667, True), 18371: (90.41666666666667, 90.41666666666667, True), 18385: (83.4, 83.4, True), 18477: (85.5, 85.5, True), 18547: (80.8, 80.8, True), 18624: (71.25, 71.25, True), 18730: (87.77777777777777, 87.77777777777777, True), 18797: (84.25, 84.25, True), 18826: (93.08333333333333, 93.08333333333333, True), 19119: (75.25, 75.25, True), 19238: (80.66666666666667, 80.66666666666667, True), 19249: (103.0, 103.0, True), 19353: (83.16666666666667, 83.16666666666667, True), 19387: (73.91666666666667, 73.91666666666667, True), 19804: (102.41666666666667, 102.41666666666667, True), 19945: (74.58333333333333, 74.58333333333333, True), 19981: (87.08333333333333, 81.0, False), 20156: (79.83333333333333, 79.83333333333333, True), 20287: (97.58333333333333, 112.0, False), 20290: (99.41666666666667, 99.41666666666667, True), 20461: (92.25, 92.25, True), 20718: (90.33333333333333, 90.33333333333333, True), 21018: (94.33333333333333, 94.33333333333333, True), 21113: (90.16666666666667, 90.16666666666667, True), 21241: (76.83333333333333, 76.83333333333333, True), 21325: (78.0, 78.0, True), 21789: (81.0, 81.0, True), 21820: (84.33333333333333, 84.33333333333333, True), 21926: (88.0, 88.0, True), 21979: (81.25, 81.25, True), 22374: (85.66666666666667, 85.66666666666667, True), 22516: (94.16666666666667, 94.16666666666667, True), 22587: (83.71428571428571, 83.71428571428571, True), 22616: (86.66666666666667, 86.66666666666667, True), 22895: (106.25, 106.25, True), 22903: (97.5, 94.0, False), 22934: (73.5, 73.5, True), 22996: (91.16666666666667, 91.16666666666667, True), 23394: (83.25, 83.25, True), 23396: (84.25, 84.25, True), 23412: (80.25, 80.25, True), 23533: (84.08333333333333, 84.08333333333333, True), 23559: (85.58333333333333, 85.58333333333333, True), 23700: (88.16666666666667, 88.16666666666667, True), 23831: (83.33333333333333, 83.33333333333333, True), 24149: (90.41666666666667, 90.41666666666667, True), 24411: (94.16666666666667, 90.9, False), 24650: (80.0, 80.0, True), 24800: (96.41666666666667, 96.41666666666667, True), 24849: (83.0, 83.0, True), 24857: (88.16666666666667, 88.16666666666667, True), 25040: (76.58333333333333, 76.58333333333333, True), 25276: (80.33333333333333, 80.33333333333333, True), 25326: (78.75, 74.0, False), 25340: (75.58333333333333, 74.0, False), 25389: (81.33333333333333, 81.33333333333333, True), 25628: (85.58333333333333, 85.58333333333333, True), 25951: (79.0, 79.0, True), 26053: (83.58333333333333, 83.58333333333333, True), 26121: (100.75, 93.0, False), 26505: (86.66666666666667, 86.66666666666667, True), 26539: (85.33333333333333, 85.33333333333333, True), 26553: (87.41666666666667, 87.41666666666667, True), 26623: (98.25, 94.0, False), 26764: (81.0, 81.0, True), 26876: (77.08333333333333, 77.08333333333333, True), 27054: (81.55555555555556, 81.55555555555556, True), 27206: (87.41666666666667, 87.41666666666667, True), 27224: (84.25, 84.25, True), 27396: (98.66666666666667, 98.66666666666667, True), 27427: (87.25, 85.0, False), 27477: (83.91666666666667, 80.66666666666667, False), 27657: (95.66666666666667, 95.66666666666667, True), 27827: (75.75, 75.75, True), 28374: (90.33333333333333, 90.33333333333333, True), 28877: (77.66666666666667, 77.66666666666667, True), 29184: (118.5, 111.33333333333333, False), 29210: (80.83333333333333, 80.83333333333333, True), 29397: (77.77777777777777, 77.77777777777777, True), 29539: (74.08333333333333, 74.08333333333333, True), 30060: (87.33333333333333, 87.33333333333333, True), 30084: (78.875, 78.875, True), 30392: (88.08333333333333, 88.08333333333333, True), 30458: (90.83333333333333, 90.83333333333333, True), 30535: (80.54545454545455, 80.54545454545455, True), 30921: (81.16666666666667, 81.16666666666667, True), 30992: (85.2, 85.2, True), 31020: (86.16666666666667, 86.16666666666667, True), 31047: (88.25, 88.25, True), 31533: (77.33333333333333, 77.33333333333333, True), 31665: (94.16666666666667, 91.0, False), 31919: (89.16666666666667, 89.16666666666667, True), 32044: (96.16666666666667, 96.16666666666667, True), 32292: (73.2, 73.2, True), 32828: (97.2, 105.0, False), 32843: (84.83333333333333, 84.83333333333333, True), 32929: (77.58333333333333, 77.58333333333333, True), 32989: (83.66666666666667, 83.66666666666667, True), 33194: (82.16666666666667, 82.16666666666667, True), 33219: (79.0, 79.0, True), 33322: (96.1, 96.1, True), 33606: (73.5, 68.66666666666667, False), 33896: (78.0, 78.0, True), 34387: (86.33333333333333, 86.33333333333333, True), 34561: (68.58333333333333, 68.58333333333333, True), 34646: (82.41666666666667, 82.41666666666667, True), 34708: (82.75, 82.75, True), 34726: (80.41666666666667, 79.83333333333333, False), 35039: (69.33333333333333, 69.33333333333333, True), 35319: (85.0, 85.0, True), 35493: (81.08333333333333, 81.08333333333333, True), 35583: (83.83333333333333, 83.83333333333333, True), 35611: (84.77777777777777, 84.77777777777777, True), 35640: (98.14285714285714, 98.14285714285714, True), 35845: (85.16666666666667, 85.16666666666667, True), 35904: (89.75, 89.75, True), 35964: (104.33333333333333, 104.0, False), 36013: (83.57142857142857, 83.57142857142857, True), 36043: (74.08333333333333, 74.08333333333333, True), 36060: (81.08333333333333, 81.08333333333333, True), 36196: (85.25, 85.25, True), 36380: (81.33333333333333, 80.2, False), 36539: (104.58333333333333, 102.25, True), 36552: (93.91666666666667, 93.91666666666667, True), 36604: (89.5, 89.5, True), 36651: (92.25, 92.25, True), 36856: (89.16666666666667, 89.16666666666667, True), 37266: (82.75, 82.75, True), 37273: (84.41666666666667, 84.0, False), 37453: (95.66666666666667, 95.66666666666667, True), 37529: (74.33333333333333, 74.33333333333333, True), 37553: (79.08333333333333, 79.08333333333333, True), 37562: (90.58333333333333, 90.58333333333333, True), 37622: (87.33333333333333, 87.33333333333333, True), 37707: (73.33333333333333, 73.33333333333333, True), 37994: (89.57142857142857, 89.57142857142857, True), 38099: (103.41666666666667, 103.41666666666667, True), 38218: (81.25, 81.25, True), 38610: (78.58333333333333, 78.58333333333333, True), 38732: (91.83333333333333, 84.0, False), 38733: (87.83333333333333, 87.83333333333333, True), 38814: (83.83333333333333, 83.83333333333333, True), 38852: (77.83333333333333, 77.83333333333333, True), 39027: (91.0, 91.0, True), 39128: (104.33333333333333, 104.33333333333333, True), 39142: (92.08333333333333, 92.08333333333333, True), 39347: (89.0, 89.0, True), 39617: (85.36363636363636, 85.36363636363636, True), 39632: (71.08333333333333, 71.08333333333333, True), 39737: (96.5, 96.5, True), 40017: (75.0, 75.0, True), 40018: (75.0, 75.0, True), 40105: (77.0, 77.0, True), 40126: (75.83333333333333, 75.83333333333333, True), 40227: (86.25, 86.25, True), 40326: (92.25, 92.25, True), 40626: (68.08333333333333, 68.08333333333333, True), 40792: (83.5, 83.5, True), 40972: (92.75, 92.75, True), 41212: (84.41666666666667, 84.41666666666667, True), 41338: (80.25, 80.25, True), 41570: (77.0909090909091, 77.0909090909091, True), 41880: (97.41666666666667, 109.25, False), 41940: (76.9090909090909, 76.9090909090909, True), 41951: (80.75, 80.75, True), 42273: (86.83333333333333, 86.83333333333333, True), 42389: (83.77777777777777, 83.77777777777777, True), 42808: (81.58333333333333, 81.58333333333333, True), 42837: (95.0, 95.0, True), 43023: (79.66666666666667, 79.66666666666667, True), 43528: (89.91666666666667, 89.91666666666667, True), 43582: (76.08333333333333, 76.08333333333333, True), 43583: (86.08333333333333, 82.0, False), 43670: (78.16666666666667, 78.16666666666667, True), 43873: (84.75, 84.75, True), 44065: (88.75, 88.75, True), 44067: (98.58333333333333, 98.58333333333333, True), 44379: (90.75, 90.75, True), 44410: (85.83333333333333, 85.83333333333333, True), 44427: (80.5, 80.5, True), 44470: (90.41666666666667, 87.5, False), 44518: (89.41666666666667, 89.41666666666667, True), 44625: (70.33333333333333, 70.33333333333333, True), 44753: (83.08333333333333, 83.08333333333333, True), 44766: (102.5, 109.4, False), 44940: (72.41666666666667, 72.41666666666667, True), 45388: (84.66666666666667, 84.66666666666667, True), 45598: (89.58333333333333, 89.58333333333333, True), 45804: (79.66666666666667, 79.66666666666667, True), 45838: (89.91666666666667, 89.91666666666667, True), 46201: (84.25, 84.25, True), 46304: (84.58333333333333, 84.58333333333333, True), 46639: (86.75, 86.75, True), 46916: (96.33333333333333, 94.0, False), 46983: (99.66666666666667, 99.66666666666667, True), 46998: (97.33333333333333, 97.33333333333333, True), 47033: (74.42857142857143, 74.42857142857143, True), 47336: (95.83333333333333, 104.0, False), 47452: (85.91666666666667, 85.91666666666667, True), 47851: (72.16666666666667, 72.16666666666667, True), 48301: (87.08333333333333, 87.08333333333333, True), 48405: (75.33333333333333, 75.33333333333333, True), 48582: (85.08333333333333, 85.08333333333333, True), 48608: (89.25, 89.25, True), 48740: (86.75, 86.75, True), 48853: (93.08333333333333, 93.08333333333333, True), 48871: (80.41666666666667, 80.41666666666667, True), 48919: (102.41666666666667, 88.0, False), 49000: (79.83333333333333, 79.83333333333333, True), 49076: (77.0, 77.0, True), 49311: (85.08333333333333, 85.08333333333333, True), 49543: (86.85714285714286, 86.85714285714286, True), 49650: (90.66666666666667, 90.66666666666667, True), 49664: (87.66666666666667, 87.66666666666667, True), 49731: (80.75, 80.75, True), 49815: (74.42857142857143, 74.42857142857143, True), 49856: (97.18181818181819, 94.0, False), 49896: (90.91666666666667, 90.91666666666667, True), 50038: (80.5, 80.5, True), 50151: (99.0, 99.0, True), 50163: (89.33333333333333, 89.33333333333333, True), 50680: (99.41666666666667, 95.0, True), 50688: (82.25, 82.25, True), 51286: (81.5, 81.5, True), 51334: (75.0, 75.0, True), 51335: (75.0, 75.0, True), 51674: (90.0, 90.0, True), 51887: (79.33333333333333, 79.33333333333333, True), 51931: (86.91666666666667, 86.91666666666667, True), 52124: (81.83333333333333, 81.83333333333333, True), 52126: (95.83333333333333, 95.83333333333333, True), 52205: (80.66666666666667, 80.66666666666667, True), 52271: (93.83333333333333, 93.83333333333333, True), 52308: (91.08333333333333, 91.08333333333333, True), 52416: (87.22222222222223, 87.22222222222223, True), 52481: (66.16666666666667, 66.16666666666667, True), 52502: (73.08333333333333, 73.08333333333333, True), 52518: (77.58333333333333, 77.0, False), 52709: (84.83333333333333, 84.83333333333333, True), 52818: (91.8, 91.8, True), 53502: (92.6, 92.6, True), 53588: (98.58333333333333, 110.5, False), 53817: (88.57142857142857, 88.57142857142857, True), 53820: (80.5, 80.5, True), 54196: (77.0, 77.0, True), 54197: (77.0, 77.0, True), 54245: (86.5, 86.5, True), 54407: (98.5, 96.0, True), 54675: (95.25, 95.25, True), 54712: (91.58333333333333, 91.58333333333333, True), 54809: (84.75, 84.75, True), 54980: (86.0, 86.0, True), 54982: (88.66666666666667, 88.66666666666667, True), 55106: (97.66666666666667, 107.0, False), 55220: (88.25, 88.25, True), 55284: (93.41666666666667, 93.41666666666667, True), 55505: (90.66666666666667, 90.66666666666667, True), 55838: (78.91666666666667, 78.91666666666667, True), 55895: (90.58333333333333, 90.58333333333333, True), 55911: (88.25, 88.25, True), 55968: (76.4, 76.4, True), 56005: (96.5, 93.0, False), 56101: (86.75, 86.75, True), 56243: (89.66666666666667, 89.66666666666667, True), 56774: (96.58333333333333, 101.0, False), 56778: (79.3, 79.3, True), 56835: (92.16666666666667, 92.16666666666667, True), 57085: (90.33333333333333, 90.33333333333333, True), 57086: (75.33333333333333, 75.33333333333333, True), 57221: (80.66666666666667, 80.66666666666667, True), 57361: (84.66666666666667, 84.66666666666667, True), 57625: (102.75, 102.75, False), 57742: (95.58333333333333, 107.0, False), 57866: (76.0, 76.0, True), 57867: (76.0, 76.0, True), 58197: (80.2, 80.2, True), 58248: (76.08333333333333, 76.08333333333333, True), 58493: (63.875, 63.875, True), 58525: (90.5, 90.5, True), 58532: (76.83333333333333, 76.83333333333333, True), 58623: (93.58333333333333, 93.58333333333333, True), 58837: (85.08333333333333, 85.08333333333333, True), 58841: (89.58333333333333, 89.58333333333333, True), 59310: (87.28571428571429, 87.28571428571429, True), 59393: (98.08333333333333, 105.0, False), 59642: (98.58333333333333, 111.0, False), 59647: (87.41666666666667, 87.41666666666667, True), 59947: (78.75, 78.75, True), 59975: (84.91666666666667, 84.91666666666667, True), 60249: (101.5, 104.0, False), 60250: (93.5, 93.5, True), 60336: (98.25, 98.25, True), 60405: (94.16666666666667, 94.0, False), 60572: (89.0, 89.0, True), 60618: (96.75, 96.75, True), 60633: (94.83333333333333, 93.0, False), 61373: (95.5, 106.83333333333333, False), 61518: (90.33333333333333, 90.33333333333333, True), 61636: (87.33333333333333, 87.33333333333333, True), 61750: (92.25, 92.25, True), 61816: (95.33333333333333, 95.33333333333333, True), 61821: (93.83333333333333, 93.83333333333333, True), 62013: (90.75, 90.75, True), 62023: (76.58333333333333, 76.58333333333333, True), 62063: (85.25, 84.0, False), 62079: (80.41666666666667, 80.41666666666667, True), 62581: (93.33333333333333, 93.33333333333333, True), 62794: (80.91666666666667, 80.91666666666667, True), 62948: (92.75, 92.75, True), 63026: (83.66666666666667, 83.66666666666667, True), 63045: (99.66666666666667, 99.66666666666667, True), 63297: (83.5, 79.0, False), 63298: (81.5, 79.0, False), 63343: (80.08333333333333, 80.08333333333333, True), 63370: (75.58333333333333, 75.58333333333333, True), 63450: (88.0, 88.0, True), 63479: (82.16666666666667, 82.16666666666667, True), 63601: (80.08333333333333, 80.08333333333333, True), 63795: (91.41666666666667, 91.41666666666667, True), 63845: (84.0, 84.0, True), 64363: (78.66666666666667, 78.66666666666667, True), 64415: (91.08333333333333, 91.08333333333333, True), 64592: (94.25, 94.25, True), 64684: (89.25, 89.25, True), 64958: (94.88888888888889, 94.88888888888889, True), 65013: (88.33333333333333, 88.33333333333333, True), 65197: (81.5, 81.5, True), 65238: (79.41666666666667, 79.41666666666667, True), 65278: (89.66666666666667, 89.66666666666667, True), 65485: (93.33333333333333, 93.33333333333333, True), 65948: (85.75, 85.75, True), 66165: (83.75, 83.75, True), 66371: (87.41666666666667, 87.41666666666667, True), 66621: (82.75, 82.75, True), 66684: (93.33333333333333, 93.33333333333333, True), 66789: (86.16666666666667, 86.16666666666667, True), 67208: (92.16666666666667, 92.16666666666667, True), 67410: (79.5, 79.5, True), 67446: (88.5, 88.5, True), 67553: (80.5, 80.5, True), 67554: (86.5, 86.5, True), 68163: (80.16666666666667, 80.16666666666667, True), 68182: (102.0, 102.0, True), 68183: (102.0, 102.0, True), 68186: (88.91666666666667, 88.91666666666667, True), 68195: (82.58333333333333, 77.0, False), 68200: (78.75, 77.0, False), 68643: (79.33333333333333, 79.33333333333333, True), 68644: (78.33333333333333, 78.33333333333333, True), 69164: (98.33333333333333, 94.0, False), 69505: (87.83333333333333, 87.83333333333333, True), 69520: (90.66666666666667, 90.66666666666667, True), 69687: (92.58333333333333, 92.58333333333333, True), 69952: (75.16666666666667, 75.16666666666667, True), 70080: (84.33333333333333, 84.33333333333333, True), 70551: (83.41666666666667, 83.41666666666667, True), 70556: (78.25, 78.25, True), 70652: (83.0, 83.0, True), 70939: (98.08333333333333, 98.08333333333333, True), 71097: (81.41666666666667, 81.41666666666667, True), 71371: (96.5, 96.5, True), 71785: (77.08333333333333, 77.08333333333333, True), 72012: (95.25, 95.25, True), 72046: (78.33333333333333, 78.33333333333333, True), 72061: (91.0, 91.0, True), 72188: (80.91666666666667, 80.91666666666667, True), 72450: (84.58333333333333, 84.58333333333333, True), 72739: (82.41666666666667, 82.41666666666667, True), 73183: (74.5, 74.5, True), 73277: (90.77777777777777, 90.77777777777777, True), 73879: (88.91666666666667, 88.91666666666667, True), 74004: (83.5, 83.5, True), 74416: (102.0, 102.0, True), 74466: (80.83333333333333, 80.83333333333333, True), 34265: (74.66666666666667, 74.66666666666667, True)}
len(ham_dist_candidates_and_origins)=490
number of corrects: 433
mean of corrects ham dist: 84.93764434180139
max ham dist of corrects: 106.25
number of incorrects: 57
mean of incorrects ham dist: 91.89473684210526
min ham dist of incorrects: 60.0
mean of origin incorrects ham dist: 91.98245614035088
singleton id: 2836 ; true_algo_ham_mean: 95.5 ; origin_ham_mean: 79.0909090909091 ; guessed index: AACGCG ; singleton index: AACCAC

singleton id: 4343 ; true_algo_ham_mean: 99.66666666666667 ; origin_ham_mean: 65.81818181818181 ; guessed index: AAGCCC ; singleton index: AATGCA

singleton id: 6191 ; true_algo_ham_mean: 97.91666666666667 ; origin_ham_mean: 83.72727272727273 ; guessed index: AATGGA ; singleton index: AAATTG

singleton id: 15811 ; true_algo_ham_mean: 96.66666666666667 ; origin_ham_mean: 76.54545454545455 ; guessed index: AGCGGT ; singleton index: ATGCTT

singleton id: 20287 ; true_algo_ham_mean: 97.58333333333333 ; origin_ham_mean: 83.72727272727273 ; guessed index: ATAGAA ; singleton index: ACTAGG

singleton id: 22903 ; true_algo_ham_mean: 97.5 ; origin_ham_mean: 81.66666666666667 ; guessed index: ATTGTT ; singleton index: ATGATC

singleton id: 29184 ; true_algo_ham_mean: 118.5 ; origin_ham_mean: 86.72727272727273 ; guessed index: CGTCCC ; singleton index: CAGACC

singleton id: 32828 ; true_algo_ham_mean: 97.2 ; origin_ham_mean: 78.75 ; guessed index: CCAATT ; singleton index: CCACGC

singleton id: 35964 ; true_algo_ham_mean: 104.33333333333333 ; origin_ham_mean: 84.5 ; guessed index: CCGCTC ; singleton index: CGCGAC

singleton id: 41880 ; true_algo_ham_mean: 97.41666666666667 ; origin_ham_mean: 74.36363636363636 ; guessed index: CGGCGG ; singleton index: CCGGAG

singleton id: 44766 ; true_algo_ham_mean: 102.5 ; origin_ham_mean: 99.0 ; guessed index: CTAATG ; singleton index: ACGTGA

singleton id: 47336 ; true_algo_ham_mean: 95.83333333333333 ; origin_ham_mean: 80.81818181818181 ; guessed index: CTCCTA ; singleton index: ACGCTG

singleton id: 53588 ; true_algo_ham_mean: 98.58333333333333 ; origin_ham_mean: 81.72727272727273 ; guessed index: GACTGG ; singleton index: GTGGGA

singleton id: 55106 ; true_algo_ham_mean: 97.66666666666667 ; origin_ham_mean: 81.72727272727273 ; guessed index: GAGTTT ; singleton index: GCAGGT

singleton id: 56774 ; true_algo_ham_mean: 96.58333333333333 ; origin_ham_mean: 80.54545454545455 ; guessed index: GATTGT ; singleton index: GGAGTT

singleton id: 57742 ; true_algo_ham_mean: 95.58333333333333 ; origin_ham_mean: 73.36363636363636 ; guessed index: GCATGA ; singleton index: GCAGTT

singleton id: 59393 ; true_algo_ham_mean: 98.08333333333333 ; origin_ham_mean: 81.36363636363636 ; guessed index: GCCGTT ; singleton index: GCCCGA

singleton id: 59642 ; true_algo_ham_mean: 98.58333333333333 ; origin_ham_mean: 88.27272727272727 ; guessed index: GCCTCG ; singleton index: GCATTC

singleton id: 60249 ; true_algo_ham_mean: 101.5 ; origin_ham_mean: 91.0 ; guessed index: GCGTTC ; singleton index: GCGGAG

singleton id: 61373 ; true_algo_ham_mean: 95.5 ; origin_ham_mean: 86.0 ; guessed index: GCGTAA ; singleton index: GCAGTT

singleton=2130; {'origin_mean_ham': 69.33333333333333, 'min_mean_ham': 60.0, 'diff': 9.333333333333329, 'origin_guessed_index': 'AACAGT', 'winner_guessed_index': 'CATCCA', 'the singleton index': 'AACAGT', 'origin_ed': 0, 'winner_ed': 5, 'diff_ed': 5, 'diff_jacc': 87.5, 'diff_GPM': 33.33333333333334}

singleton=2137; {'origin_mean_ham': 69.83333333333333, 'min_mean_ham': 60.0, 'diff': 9.833333333333329, 'origin_guessed_index': 'AACAGT', 'winner_guessed_index': 'AACAGT', 'the singleton index': 'CATCCA', 'origin_ed': 5, 'winner_ed': 5, 'diff_ed': 0, 'diff_jacc': 0.0, 'diff_GPM': 0.0}

singleton=2709; {'origin_mean_ham': 93.33333333333333, 'min_mean_ham': 89.0, 'diff': 4.333333333333329, 'origin_guessed_index': 'AACGAA', 'winner_guessed_index': 'GACGAC', 'the singleton index': 'AACGAC', 'origin_ed': 1, 'winner_ed': 1, 'diff_ed': 0, 'diff_jacc': 25.0, 'diff_GPM': 0.0}

singleton=3392; {'origin_mean_ham': 91.58333333333333, 'min_mean_ham': 84.0, 'diff': 7.583333333333329, 'origin_guessed_index': 'AACTTC', 'winner_guessed_index': 'TCGACA', 'the singleton index': 'AACATT', 'origin_ed': 2, 'winner_ed': 5, 'diff_ed': 3, 'diff_jacc': 17.857142857142854, 'diff_GPM': 16.666666666666686}

singleton=3835; {'origin_mean_ham': 109.91666666666667, 'min_mean_ham': 100.0, 'diff': 9.916666666666671, 'origin_guessed_index': 'AAGAGT', 'winner_guessed_index': 'AACAGA', 'the singleton index': 'AAAGAG', 'origin_ed': 2, 'winner_ed': 2, 'diff_ed': 0, 'diff_jacc': 15.0, 'diff_GPM': 0.0}

singleton=4116; {'origin_mean_ham': 99.33333333333333, 'min_mean_ham': 91.0, 'diff': 8.333333333333329, 'origin_guessed_index': 'AAGCCC', 'winner_guessed_index': 'AAGCCG', 'the singleton index': 'CAAGCC', 'origin_ed': 2, 'winner_ed': 2, 'diff_ed': 0, 'diff_jacc': 13.333333333333329, 'diff_GPM': 16.666666666666657}

singleton=17303; {'origin_mean_ham': 95.85714285714286, 'min_mean_ham': 94.08333333333333, 'diff': 1.7738095238095326, 'origin_guessed_index': 'AGGGTC', 'winner_guessed_index': 'ATTTTT', 'the singleton index': 'AGGGTC', 'origin_ed': 0, 'winner_ed': 4, 'diff_ed': 4, 'diff_jacc': 100.0, 'diff_GPM': 66.66666666666667}

singleton=19981; {'origin_mean_ham': 87.08333333333333, 'min_mean_ham': 81.0, 'diff': 6.083333333333329, 'origin_guessed_index': 'ATACCT', 'winner_guessed_index': 'ATACCG', 'the singleton index': 'TATCGT', 'origin_ed': 3, 'winner_ed': 3, 'diff_ed': 0, 'diff_jacc': -17.857142857142854, 'diff_GPM': 0.0}

singleton=24411; {'origin_mean_ham': 94.16666666666667, 'min_mean_ham': 90.9, 'diff': 3.2666666666666657, 'origin_guessed_index': 'ATTAGC', 'winner_guessed_index': 'ATTAGC', 'the singleton index': 'ATTTAG', 'origin_ed': 2, 'winner_ed': 2, 'diff_ed': 0, 'diff_jacc': 0.0, 'diff_GPM': 0.0}

singleton=25326; {'origin_mean_ham': 78.75, 'min_mean_ham': 74.0, 'diff': 4.75, 'origin_guessed_index': 'ATTTGG', 'winner_guessed_index': 'ATCGGG', 'the singleton index': 'AATGGG', 'origin_ed': 2, 'winner_ed': 2, 'diff_ed': 0, 'diff_jacc': 26.666666666666664, 'diff_GPM': -16.666666666666686}

singleton=25340; {'origin_mean_ham': 75.58333333333333, 'min_mean_ham': 74.0, 'diff': 1.5833333333333286, 'origin_guessed_index': 'ATTTGG', 'winner_guessed_index': 'AATGGG', 'the singleton index': 'ATCGGG', 'origin_ed': 2, 'winner_ed': 2, 'diff_ed': 0, 'diff_jacc': 0.0, 'diff_GPM': -16.666666666666686}

singleton=26121; {'origin_mean_ham': 100.75, 'min_mean_ham': 93.0, 'diff': 7.75, 'origin_guessed_index': 'CAAAGT', 'winner_guessed_index': 'CGTGCC', 'the singleton index': 'AGAAGT', 'origin_ed': 2, 'winner_ed': 5, 'diff_ed': 3, 'diff_jacc': 48.888888888888886, 'diff_GPM': 33.33333333333334}

singleton=26623; {'origin_mean_ham': 98.25, 'min_mean_ham': 94.0, 'diff': 4.25, 'origin_guessed_index': 'CAAGGA', 'winner_guessed_index': 'CAGGCC', 'the singleton index': 'CAAGAG', 'origin_ed': 2, 'winner_ed': 3, 'diff_ed': 1, 'diff_jacc': 51.42857142857143, 'diff_GPM': 33.33333333333334}

singleton=27427; {'origin_mean_ham': 87.25, 'min_mean_ham': 85.0, 'diff': 2.25, 'origin_guessed_index': 'CAATTT', 'winner_guessed_index': 'CAATTT', 'the singleton index': 'CCAATG', 'origin_ed': 3, 'winner_ed': 3, 'diff_ed': 0, 'diff_jacc': 0.0, 'diff_GPM': 0.0}

singleton=27477; {'origin_mean_ham': 83.91666666666667, 'min_mean_ham': 80.66666666666667, 'diff': 3.25, 'origin_guessed_index': 'CACAAA', 'winner_guessed_index': 'CGCATA', 'the singleton index': 'CACAAA', 'origin_ed': 0, 'winner_ed': 2, 'diff_ed': 2, 'diff_jacc': 87.5, 'diff_GPM': 33.33333333333334}

singleton=31665; {'origin_mean_ham': 94.16666666666667, 'min_mean_ham': 91.0, 'diff': 3.1666666666666714, 'origin_guessed_index': 'CATGTT', 'winner_guessed_index': 'CCCCCG', 'the singleton index': 'CATGTG', 'origin_ed': 1, 'winner_ed': 4, 'diff_ed': 3, 'diff_jacc': 80.0, 'diff_GPM': 50.000000000000014}

singleton=33606; {'origin_mean_ham': 73.5, 'min_mean_ham': 68.66666666666667, 'diff': 4.833333333333329, 'origin_guessed_index': 'CCATTT', 'winner_guessed_index': 'CGATTG', 'the singleton index': 'CGCATT', 'origin_ed': 2, 'winner_ed': 2, 'diff_ed': 0, 'diff_jacc': 7.142857142857146, 'diff_GPM': 0.0}

singleton=34726; {'origin_mean_ham': 80.41666666666667, 'min_mean_ham': 79.83333333333333, 'diff': 0.5833333333333428, 'origin_guessed_index': 'CCCGGG', 'winner_guessed_index': 'CCCGGG', 'the singleton index': 'CCCGGT', 'origin_ed': 1, 'winner_ed': 1, 'diff_ed': 0, 'diff_jacc': 0.0, 'diff_GPM': 0.0}

singleton=36380; {'origin_mean_ham': 81.33333333333333, 'min_mean_ham': 80.2, 'diff': 1.1333333333333258, 'origin_guessed_index': 'CCGGGG', 'winner_guessed_index': 'CCGGGT', 'the singleton index': 'CACGGG', 'origin_ed': 2, 'winner_ed': 2, 'diff_ed': 0, 'diff_jacc': 6.666666666666664, 'diff_GPM': 0.0}

singleton=37273; {'origin_mean_ham': 84.41666666666667, 'min_mean_ham': 84.0, 'diff': 0.4166666666666714, 'origin_guessed_index': 'CCTCCC', 'winner_guessed_index': 'CCCTCC', 'the singleton index': 'CGCTGC', 'origin_ed': 3, 'winner_ed': 2, 'diff_ed': -1, 'diff_jacc': 0.0, 'diff_GPM': 0.0}

singleton=38732; {'origin_mean_ham': 91.83333333333333, 'min_mean_ham': 84.0, 'diff': 7.833333333333329, 'origin_guessed_index': 'CGACAA', 'winner_guessed_index': 'AACATT', 'the singleton index': 'TCGACA', 'origin_ed': 2, 'winner_ed': 5, 'diff_ed': 3, 'diff_jacc': 41.66666666666667, 'diff_GPM': 16.666666666666686}

singleton=43583; {'origin_mean_ham': 86.08333333333333, 'min_mean_ham': 82.0, 'diff': 4.083333333333329, 'origin_guessed_index': 'CGTTTT', 'winner_guessed_index': 'CGTCTT', 'the singleton index': 'CGTTCT', 'origin_ed': 1, 'winner_ed': 2, 'diff_ed': 1, 'diff_jacc': -40.0, 'diff_GPM': -16.666666666666657}

singleton=44470; {'origin_mean_ham': 90.41666666666667, 'min_mean_ham': 87.5, 'diff': 2.9166666666666714, 'origin_guessed_index': 'CTAAAA', 'winner_guessed_index': 'CTAAAA', 'the singleton index': 'CTAAAA', 'origin_ed': 0, 'winner_ed': 0, 'diff_ed': 0, 'diff_jacc': 0.0, 'diff_GPM': 0.0}

singleton=46916; {'origin_mean_ham': 96.33333333333333, 'min_mean_ham': 94.0, 'diff': 2.3333333333333286, 'origin_guessed_index': 'CTCGAG', 'winner_guessed_index': 'CTTGAT', 'the singleton index': 'CTCGCA', 'origin_ed': 2, 'winner_ed': 3, 'diff_ed': 1, 'diff_jacc': 31.746031746031743, 'diff_GPM': 16.666666666666686}

singleton=48919; {'origin_mean_ham': 102.41666666666667, 'min_mean_ham': 88.0, 'diff': 14.416666666666671, 'origin_guessed_index': 'CTGTAA', 'winner_guessed_index': 'GTCGCT', 'the singleton index': 'CTGTAG', 'origin_ed': 1, 'winner_ed': 5, 'diff_ed': 4, 'diff_jacc': 41.66666666666667, 'diff_GPM': 0.0}

singleton=49856; {'origin_mean_ham': 97.18181818181819, 'min_mean_ham': 94.0, 'diff': 3.181818181818187, 'origin_guessed_index': 'CTTGAA', 'winner_guessed_index': 'CTCGCA', 'the singleton index': 'CTTGAT', 'origin_ed': 1, 'winner_ed': 3, 'diff_ed': 2, 'diff_jacc': 55.55555555555556, 'diff_GPM': 16.666666666666686}

singleton=52518; {'origin_mean_ham': 77.58333333333333, 'min_mean_ham': 77.0, 'diff': 0.5833333333333286, 'origin_guessed_index': 'GACCAT', 'winner_guessed_index': 'GACACT', 'the singleton index': 'TGCATC', 'origin_ed': 4, 'winner_ed': 4, 'diff_ed': 0, 'diff_jacc': 12.5, 'diff_GPM': 0.0}

singleton=56005; {'origin_mean_ham': 96.5, 'min_mean_ham': 93.0, 'diff': 3.5, 'origin_guessed_index': 'GATCTT', 'winner_guessed_index': 'CCATCC', 'the singleton index': 'GATCAT', 'origin_ed': 1, 'winner_ed': 4, 'diff_ed': 3, 'diff_jacc': -10.0, 'diff_GPM': 33.33333333333334}

singleton=57625; {'origin_mean_ham': 102.75, 'min_mean_ham': 102.75, 'diff': 0.0, 'origin_guessed_index': 'GCAGAA', 'winner_guessed_index': 'GCCGAC', 'the singleton index': 'GCCGAG', 'origin_ed': 2, 'winner_ed': 1, 'diff_ed': -1, 'diff_jacc': -23.809523809523817, 'diff_GPM': -16.666666666666686}

singleton=60405; {'origin_mean_ham': 94.16666666666667, 'min_mean_ham': 94.0, 'diff': 0.1666666666666714, 'origin_guessed_index': 'GCGCAA', 'winner_guessed_index': 'CGTACG', 'the singleton index': 'GCGGCA', 'origin_ed': 2, 'winner_ed': 4, 'diff_ed': 2, 'diff_jacc': 47.5, 'diff_GPM': 0.0}

singleton=60633; {'origin_mean_ham': 94.83333333333333, 'min_mean_ham': 93.0, 'diff': 1.8333333333333286, 'origin_guessed_index': 'GCGCGC', 'winner_guessed_index': 'GGATAT', 'the singleton index': 'GCGCGC', 'origin_ed': 0, 'winner_ed': 5, 'diff_ed': 5, 'diff_jacc': 100.0, 'diff_GPM': 66.66666666666667}

singleton=62063; {'origin_mean_ham': 85.25, 'min_mean_ham': 84.0, 'diff': 1.25, 'origin_guessed_index': 'GCTAGT', 'winner_guessed_index': 'GGCTAG', 'the singleton index': 'GGCTAG', 'origin_ed': 2, 'winner_ed': 0, 'diff_ed': -2, 'diff_jacc': -33.33333333333333, 'diff_GPM': -16.666666666666657}

singleton=63297; {'origin_mean_ham': 83.5, 'min_mean_ham': 79.0, 'diff': 4.5, 'origin_guessed_index': 'GCTTTG', 'winner_guessed_index': 'GCTTGC', 'the singleton index': 'TACTTG', 'origin_ed': 3, 'winner_ed': 3, 'diff_ed': 0, 'diff_jacc': 0.0, 'diff_GPM': 16.666666666666686}

singleton=63298; {'origin_mean_ham': 81.5, 'min_mean_ham': 79.0, 'diff': 2.5, 'origin_guessed_index': 'GCTTTG', 'winner_guessed_index': 'TACTTG', 'the singleton index': 'GCTTGC', 'origin_ed': 2, 'winner_ed': 3, 'diff_ed': 1, 'diff_jacc': 57.142857142857146, 'diff_GPM': 16.666666666666686}

singleton=68195; {'origin_mean_ham': 82.58333333333333, 'min_mean_ham': 77.0, 'diff': 5.583333333333329, 'origin_guessed_index': 'GGGTTT', 'winner_guessed_index': 'GGGTTG', 'the singleton index': 'GGCGTC', 'origin_ed': 3, 'winner_ed': 3, 'diff_ed': 0, 'diff_jacc': 4.761904761904763, 'diff_GPM': 0.0}

singleton=68200; {'origin_mean_ham': 78.75, 'min_mean_ham': 77.0, 'diff': 1.75, 'origin_guessed_index': 'GGGTTT', 'winner_guessed_index': 'GGCGTC', 'the singleton index': 'GGGTTG', 'origin_ed': 1, 'winner_ed': 3, 'diff_ed': 2, 'diff_jacc': 46.42857142857143, 'diff_GPM': 16.666666666666686}

singleton=69164; {'origin_mean_ham': 98.33333333333333, 'min_mean_ham': 94.0, 'diff': 4.333333333333329, 'origin_guessed_index': 'GGTGCC', 'winner_guessed_index': 'ATGCGT', 'the singleton index': 'GGTGCA', 'origin_ed': 1, 'winner_ed': 4, 'diff_ed': 3, 'diff_jacc': 23.809523809523817, 'diff_GPM': 0.0}

sorted(diff_ed_dict.items(), reverse=False, key=lambda x: x[0])=[(-2, 1), (-1, 2), (0, 16), (1, 4), (2, 4), (3, 6), (4, 2), (5, 2)]
sorted(diff_jac_dict.items(), reverse=True, key=lambda x: x[0])=[(100.0, 2), (87.5, 2), (80.0, 1), (57.142857142857146, 1), (55.55555555555556, 1), (51.42857142857143, 1), (48.888888888888886, 1), (47.5, 1), (46.42857142857143, 1), (41.66666666666667, 2), (31.746031746031743, 1), (26.666666666666664, 1), (25.0, 1), (23.809523809523817, 1), (17.857142857142854, 1), (15.0, 1), (13.333333333333329, 1), (12.5, 1), (7.142857142857146, 1), (6.666666666666664, 1), (4.761904761904763, 1), (0.0, 8), (-10.0, 1), (-17.857142857142854, 1), (-23.809523809523817, 1), (-33.33333333333333, 1), (-40.0, 1)]
sorted(diff_gpm_dict.items(), reverse=True, key=lambda x: x[0])=[(66.66666666666667, 2), (50.000000000000014, 1), (33.33333333333334, 5), (16.666666666666686, 7), (16.666666666666657, 1), (0.0, 16), (-16.666666666666657, 2), (-16.666666666666686, 3)]
[21, 20, 18, 17, 15, 15, 13, 12, 12, 12, 12, 11, 10, 10, 9, 9, 8, 8, 8, 8, 7, 7, 7, 7, 7, 6, 6, 6, 6, 6, 5, 5, 5, 5, 4, 4, 4, 4, 4, 4, 4, 4, 4, 4, 4, 4, 4, 3, 3, 3, 3, 3, 3, 3, 3, 3, 3, 3, 3, 3, 3, 3, 3, 3, 3, 3, 3, 2, 2, 2, 2, 2, 2, 2, 2, 2, 2, 2, 2, 2, 2, 2, 2, 2, 2, 2, 2, 2, 2, 2, 2, 2, 2, 2, 2, 2, 2, 2, 2, 2, 2, 2, 2, 2, 2, 2, 2, 2, 2, 2, 2, 2, 2, 2, 2, 2, 2, 2, 2, 2, 2, 2, 2, 2, 2, 2, 2, 2, 2, 2, 2, 2, 2, 2, 2, 2, 2, 2, 2, 2, 2, 2, 2, 2, 2, 2, 2, 2, 2, 2, 1, 1, 1, 1, 1, 1, 1, 1, 1, 1, 1, 1, 1, 1, 1, 1, 1, 1, 1, 1, 1, 1, 1, 1, 1, 1, 1, 1, 1, 1, 1, 1, 1, 1, 1, 1, 1, 1, 1, 1, 1, 1, 1, 1, 1, 1, 1, 1, 1, 1, 1, 1, 1, 1, 1, 1, 1, 1, 1, 1, 1, 1, 1, 1, 1, 1, 1, 1, 1, 1, 1, 1, 1, 1, 1, 1, 1, 1, 1, 1, 1, 1, 1, 1, 1, 1, 1, 1, 1, 1, 1, 1, 1, 1, 1, 1, 1, 1, 1, 1, 1, 1, 1, 1, 1, 1, 1, 1, 1, 1, 1, 1, 1, 1, 1, 1, 1, 1, 1, 1, 1, 1, 1, 1, 1, 1, 1, 1, 1, 1, 1, 1, 1, 1, 1, 1, 1, 1, 1, 1, 1, 1, 1, 1, 1, 1, 1, 1, 1, 1, 1, 1, 1, 1, 1, 1, 1, 1, 1, 1, 1, 1, 1, 1, 1, 1, 1, 1, 1, 1, 1, 1, 1, 1, 1, 1, 1, 1, 1, 1, 1, 1, 1, 1, 1, 1, 1, 1, 1, 1, 1, 1, 1, 1, 1, 1, 1, 1, 1, 1, 1, 1, 1, 1, 1, 1, 1, 1, 1, 1, 1, 1, 1, 1, 1, 1, 1, 1, 1, 1, 1, 1, 1, 1, 1, 1, 1, 1, 1, 1, 1, 1, 1, 1, 1, 1, 1, 1, 1, 1, 1, 1, 1, 1, 1, 1, 1, 1, 1, 1, 1, 1, 1, 1, 1, 1, 1, 1, 1, 1, 1, 1, 1, 1, 1, 1, 1, 1, 1, 1, 1, 1, 1, 1, 1, 1, 1, 1, 1, 1, 1, 1, 1, 1, 1, 1, 1, 1, 1, 1, 1, 1, 1, 1, 1, 1, 1, 1, 1, 1, 1, 1, 1, 1, 1, 1, 1, 1, 1, 1, 1, 1, 1, 1, 1, 1, 1, 1, 1, 1, 1, 1, 1, 1, 1, 1, 1, 1, 1, 1, 1, 1, 1, 1, 1, 1, 1, 1, 1, 1, 1, 1, 1, 1, 1, 1, 1, 1, 1, 1, 1, 1, 1, 1, 1, 1, 1, 1, 1, 1, 1, 1, 1, 1, 1, 1, 1, 1, 1, 1, 1, 1, 1, 1, 1, 1, 1, 1, 1, 1, 1, 1, 1, 1, 1, 1, 1, 1, 1, 1, 1, 1, 1, 1, 1, 1, 1, 1, 1, 1, 1, 1, 1, 1, 1, 1]
max(list(true_candidates_len_dict.values()))=21
np.mean(list(true_candidates_len_dict.values()))=1.829136690647482

count_how_many_candidates_we_missed=20
count_missed_in_true_candidates=9

summery:
The total number of unwanted unions is 43
The total number of unwanted singletons is 494
The total number of clusters with unwanted rebellious reads is 78
The avg size of unwanted rebellious reads in a cluster is 1.3462

acc_ver_0 = 0.7460

summery:
The total number of unwanted unions is 6
The total number of unwanted singletons is 495
The total number of clusters with unwanted rebellious reads is 74
The avg size of unwanted rebellious reads in a cluster is 1.2703

acc_ver_1_5 = 0.7627

summery:
The total number of unwanted unions is 12
The total number of unwanted singletons is 69
The total number of clusters with unwanted rebellious reads is 84
The avg size of unwanted rebellious reads in a cluster is 1.2619

acc_ver_2 = 0.8657

