count_true_unwanted_singletons=454
len(singletons)=514
singleton_cluster_id=70 ; value=(0.9565217391304348, 22, 23)
true algo cluster = 69 ; len = 72 ; candidates = [0, 1, 3, 7, 8, 13, 14, 16, 22, 28, 34, 35, 36, 41, 50, 53, 54, 55, 56, 57, 59, 60, 61, 62, 63, 64, 65, 66, 67, 68, 71, 72, 73, 87, 88, 90, 91, 93, 115, 135, 136, 137, 139, 140, 145, 147, 148, 150, 151, 155, 166, 168, 169, 205, 210, 213, 214, 217, 220, 226, 227, 228, 230, 231, 238, 244, 245, 250, 251, 254, 262, 267, 271, 272, 288, 290, 292, 293, 294, 295, 296, 297, 301, 302, 305, 306, 307, 308, 309, 310, 324, 326, 355, 361, 372, 376, 386, 387, 391, 392, 393, 395, 417, 455, 457, 533, 545, 553, 601, 602, 611, 628, 633, 634, 637, 657, 679, 683, 687, 691, 692, 693, 694, 837, 902, 912, 913, 935, 965, 972, 973, 974, 975, 984, 985, 987, 1055, 1132, 1152, 1154, 1160, 1197, 1207, 1245, 1268, 1269, 1271, 1276, 1281, 1285, 1287, 1288, 1289, 1361, 1365, 1494, 1508, 1509, 1510, 1525, 1596, 1976, 2187, 2188, 2440, 2441, 2444, 2463, 2484, 2487, 2489, 2492, 2499, 2500, 2501, 2502, 2503, 2504, 2646, 2667, 2698, 2701, 2706, 3062, 3063, 3357, 3374, 3375]
singleton cluster id: 70 ; true_algo_ham_mean: 112.4 ; origin_ham_mean: 83.44444444444444 ; guessed index: AGAGTG ; singleton index: AAATTA

singleton_cluster_id=95 ; value=(0.9, 9, 10)
true algo cluster = 94 ; len = 9 ; candidates = [0, 1, 3, 8, 13, 33, 36, 37, 38, 39, 41, 50, 54, 55, 59, 77, 83, 152, 153, 154, 155, 156, 162, 167, 171, 191, 275, 293, 311, 312, 313, 314, 315, 318, 319, 322, 324, 330, 331, 332, 333, 334, 336, 342, 356, 357, 359, 360, 362, 365, 366, 367, 368, 369, 370, 372, 373, 374, 375, 376, 378, 380, 385, 386, 387, 396, 399, 400, 410, 417, 436, 437, 441, 451, 458, 475, 476, 478, 479, 483, 484, 485, 489, 490, 491, 496, 500, 511, 515, 516, 517, 518, 519, 520, 525, 527, 531, 540, 549, 550, 551, 558, 566, 583, 584, 585, 586, 587, 588, 596, 603, 619, 621, 628, 659, 661, 662, 663, 664, 667, 679, 696, 698, 703, 771, 784, 804, 881, 885, 918, 933, 936, 937, 952, 954, 956, 957, 961, 965, 970, 974, 988, 1022, 1026, 1061, 1076, 1100, 1105, 1175, 1291, 1293, 1294, 1300, 1305, 1370, 1371, 1375, 1380, 1382, 1384, 1386, 1387, 1407, 1428, 1433, 1451, 1490, 1491, 1528, 1547, 1565, 1566, 1567, 1568, 1569, 1580, 1581, 1585, 1634, 1635, 1636, 1675, 1676, 1861, 1875, 2160, 2468, 2505, 2506, 2508, 2721, 2723, 2739, 2757, 2759, 2760, 2777, 2826, 2901, 2921, 3337]
singleton cluster id: 95 ; true_algo_ham_mean: 95.88888888888889 ; origin_ham_mean: 73.75 ; guessed index: AACCAG ; singleton index: ACAGAA

singleton_cluster_id=536 ; value=(0.9787234042553191, 46, 47)
true algo cluster = 535 ; len = 93 ; candidates = [54, 119, 126, 133, 162, 170, 178, 179, 189, 200, 210, 213, 214, 220, 221, 222, 223, 224, 225, 226, 262, 272, 293, 302, 366, 372, 374, 376, 386, 387, 388, 389, 390, 394, 417, 424, 436, 439, 451, 453, 455, 457, 458, 465, 466, 467, 470, 475, 476, 478, 479, 484, 485, 486, 487, 488, 489, 490, 491, 492, 496, 500, 505, 506, 507, 508, 509, 511, 515, 516, 517, 518, 519, 520, 523, 524, 525, 526, 527, 528, 531, 532, 533, 534, 537, 539, 540, 541, 542, 543, 544, 545, 546, 547, 548, 573, 574, 583, 585, 586, 587, 588, 591, 592, 596, 597, 598, 601, 602, 603, 605, 609, 610, 612, 665, 687, 730, 733, 744, 757, 758, 805, 807, 824, 825, 830, 834, 835, 836, 837, 873, 875, 881, 882, 884, 885, 886, 887, 894, 902, 908, 953, 1002, 1024, 1025, 1038, 1068, 1078, 1119, 1131, 1132, 1161, 1342, 1378, 1416, 1661, 1702, 1712, 1720, 1730, 1731, 1733, 1737, 1738, 1739, 1740, 1741, 1742, 1744, 1788, 1789, 1815, 2038, 2053, 2072, 2092, 2094, 2095, 2099, 2100, 2117, 2218, 2336, 2561, 2573, 2575, 2641, 2643, 2647, 2687, 2902, 2909, 2919, 2922, 2923, 2924, 2928, 2929, 2930, 2972, 2979, 3418, 3469]
singleton cluster id: 536 ; true_algo_ham_mean: 105.2 ; origin_ham_mean: 90.66666666666667 ; guessed index: CCACCT ; singleton index: ACGTGA

singleton_cluster_id=1038 ; value=(0.9767441860465116, 42, 43)
true algo cluster = 1037 ; len = 65 ; candidates = [69, 111, 117, 118, 127, 128, 131, 132, 133, 145, 147, 150, 181, 195, 207, 266, 270, 335, 351, 374, 432, 434, 438, 443, 448, 450, 451, 452, 453, 454, 468, 469, 492, 497, 511, 513, 528, 536, 541, 542, 544, 576, 577, 581, 598, 611, 677, 710, 728, 732, 739, 740, 741, 744, 745, 747, 750, 761, 765, 819, 822, 934, 942, 946, 947, 950, 955, 963, 965, 967, 968, 969, 980, 983, 986, 990, 997, 998, 999, 1000, 1004, 1009, 1016, 1017, 1020, 1022, 1023, 1024, 1025, 1027, 1028, 1029, 1030, 1031, 1032, 1033, 1035, 1036, 1039, 1047, 1049, 1050, 1051, 1052, 1053, 1055, 1056, 1059, 1069, 1071, 1077, 1089, 1092, 1095, 1097, 1104, 1109, 1111, 1113, 1115, 1117, 1118, 1121, 1126, 1130, 1131, 1134, 1135, 1136, 1166, 1168, 1177, 1184, 1186, 1189, 1193, 1202, 1203, 1204, 1209, 1313, 1410, 1952, 2096, 2176, 2239, 2244, 2253, 2254, 2258, 2259, 2264, 2336, 2341, 2399, 2561, 2643, 2678, 2841, 3264, 3279, 3396, 3420, 3421, 3425, 3427, 3428, 3431, 3432, 3433, 3438, 3443]
singleton cluster id: 1038 ; true_algo_ham_mean: 99.6 ; origin_ham_mean: 99.77777777777777 ; guessed index: CGGAAG ; singleton index: ATCGTG

singleton_cluster_id=1116 ; value=(0.875, 7, 8)
true algo cluster = 1115 ; len = 7 ; candidates = [65, 67, 104, 117, 118, 124, 127, 128, 129, 142, 145, 146, 147, 150, 202, 222, 223, 274, 285, 304, 343, 352, 389, 427, 510, 521, 542, 543, 559, 576, 586, 590, 593, 594, 595, 596, 598, 611, 760, 875, 896, 1050, 1054, 1094, 1221, 1241, 1244, 1259, 1260, 1261, 1262, 1273, 1274, 1281, 1282, 1283, 1284, 1288, 1301, 1302, 1304, 1319, 1320, 1322, 1323, 1324, 1328, 1338, 1340, 1341, 1342, 1344, 1345, 1351, 1352, 1354, 1357, 1358, 1359, 1361, 1362, 1363, 1364, 1365, 1366, 1367, 1369, 1383, 1397, 1398, 1399, 1403, 1411, 1415, 1416, 1419, 1420, 1424, 1441, 1442, 1444, 1445, 1448, 1461, 1462, 1463, 1482, 1483, 1493, 1494, 1499, 1500, 1501, 1502, 1503, 1506, 1511, 1517, 1518, 1519, 1559, 1564, 1592, 1593, 1594, 1608, 1610, 1619, 1626, 1627, 1640, 1643, 1644, 1653, 1658, 1661, 1662, 1664, 1665, 1705, 1740, 1741, 1758, 1776, 1778, 1780, 1789, 1790, 1793, 1794, 1795, 1796, 1797, 1798, 1799, 1801, 1802, 1814, 1816, 1817, 1818, 1851, 1893, 1896, 1917, 1947, 1965, 1966, 1967, 1968, 2041, 2042, 2043, 2116, 2118, 2153, 2195, 2213, 2224, 2231, 2233, 2235, 2253, 2254, 2260, 2264, 2271, 2272, 2273, 2316, 2329, 2343, 2400, 2402, 2403, 2417, 2419, 2494, 2497, 2517, 2519, 2536, 2556, 2566, 2570, 2573, 2574, 2575, 2576, 2577, 2581, 2644, 2693, 2742, 2783, 3150, 3151]
singleton cluster id: 1116 ; true_algo_ham_mean: 101.14285714285714 ; origin_ham_mean: 83.0 ; guessed index: ATGGTC ; singleton index: CACTGG

singleton_cluster_id=1356 ; value=(0.9666666666666667, 29, 30)
true algo cluster = 1355 ; len = 76 ; candidates = [136, 293, 324, 325, 331, 334, 336, 342, 347, 350, 352, 354, 372, 379, 385, 429, 456, 459, 482, 578, 657, 699, 819, 847, 1054, 1245, 1252, 1271, 1311, 1312, 1326, 1351, 1352, 1354, 1357, 1361, 1365, 1378, 1400, 1404, 1407, 1411, 1429, 1485, 1542, 1543, 1547, 1549, 1561, 1562, 1563, 1564, 1580, 1581, 1596, 1629, 1654, 1687, 1692, 1696, 1765, 1830, 1856, 1936, 1958, 1976, 2156, 2202, 2262, 2266, 2440, 2445, 2460, 2463, 2465, 2466, 2484, 2487, 2489, 2500, 2501, 2518, 2523, 2539, 2540, 2549, 2563, 2564, 2566, 2567, 2573, 2575, 2580, 2612, 2679, 2721, 2722, 2723, 2725, 2729, 2730, 2735, 2736, 2737, 2738, 2739, 2740, 2741, 2742, 2743, 2744, 2745, 2746, 2747, 2751, 2752, 2753, 2754, 2755, 2757, 2771, 2773, 2774, 2776, 2777, 2779, 2780, 2785, 2786, 2787, 2788, 2790, 2791, 2794, 2795, 2796, 2800, 2810, 2811, 2812, 2813, 2822, 2843, 2845, 2846, 2851, 2866, 2870, 2877, 2881, 2896, 2898, 2899, 2920, 2922, 2941, 2949, 2954, 2956, 2960, 2965, 2966, 2967, 2972, 2990, 3021, 3025, 3030, 3040, 3041, 3043, 3062, 3063, 3065, 3093, 3238, 3259, 3284, 3325, 3329, 3333, 3336, 3351, 3357, 3374, 3375, 3388, 3394, 3411, 3414, 3441]
singleton cluster id: 1356 ; true_algo_ham_mean: 121.4 ; origin_ham_mean: 86.66666666666667 ; guessed index: CGGAAT ; singleton index: GCACTA

singleton_cluster_id=1410 ; value=(0.9523809523809523, 40, 42)
true algo cluster = 1409 ; len = 41 ; candidates = [69, 202, 374, 559, 560, 562, 598, 889, 896, 934, 950, 955, 963, 964, 965, 967, 968, 969, 980, 983, 986, 1038, 1117, 1130, 1229, 1257, 1259, 1260, 1261, 1262, 1264, 1266, 1267, 1288, 1349, 1381, 1385, 1396, 1399, 1403, 1436, 1441, 1442, 1444, 1445, 1448, 1462, 1463, 1464, 1468, 1520, 1564, 1567, 1579, 1580, 1581, 1582, 1583, 1584, 1599, 1726, 1758, 1759, 1763, 1802, 1863, 1869, 1872, 1874, 1875, 1878, 1879, 1952, 2016, 2044, 2064, 2065, 2068, 2105, 2114, 2127, 2128, 2141, 2144, 2153, 2155, 2156, 2157, 2158, 2159, 2160, 2161, 2163, 2165, 2167, 2168, 2170, 2172, 2173, 2174, 2175, 2176, 2177, 2178, 2179, 2180, 2181, 2182, 2183, 2187, 2188, 2191, 2192, 2193, 2195, 2196, 2197, 2198, 2199, 2200, 2213, 2214, 2239, 2244, 2253, 2254, 2255, 2258, 2262, 2264, 2292, 2293, 2294, 2306, 2310, 2318, 2323, 2324, 2326, 2328, 2330, 2333, 2338, 2340, 2341, 2342, 2343, 2344, 2347, 2348, 2362, 2367, 2387, 2397, 2399, 2401, 2405, 2406, 2407, 2420, 2422, 2425, 2483, 2495, 2593, 2771, 2873, 2947, 2948, 2982, 3060, 3264, 3335, 3347, 3349, 3351, 3355, 3371, 3377, 3425, 3432]
singleton cluster id: 1410 ; true_algo_ham_mean: 99.7 ; origin_ham_mean: 74.22222222222223 ; guessed index: CAGGGC ; singleton index: CTAGTG

singleton_cluster_id=1550 ; value=(0.5, 1, 2)
true algo cluster = 1294 ; len = 40 ; candidates = [43, 81, 82, 233, 337, 404, 459, 480, 498, 503, 504, 535, 623, 624, 631, 646, 685, 699, 700, 701, 702, 717, 723, 726, 727, 734, 735, 752, 773, 775, 850, 994, 995, 1216, 1217, 1238, 1277, 1292, 1295, 1297, 1301, 1312, 1313, 1315, 1317, 1318, 1327, 1334, 1337, 1358, 1359, 1376, 1388, 1392, 1456, 1476, 1533, 1548, 1549, 1551, 1552, 1553, 1554, 1555, 1556, 1557, 1560, 1562, 1563, 1570, 1571, 1574, 1589, 1605, 1606, 1607, 1609, 1621, 1622, 1623, 1639, 1655, 1656, 1659, 1678, 1699, 1700, 1716, 1828, 1829, 1831, 1832, 1834, 1842, 1843, 1844, 1845, 1846, 1847, 1848, 1849, 1850, 1852, 1854, 1855, 1858, 1859, 1866, 1867, 1887, 1889, 1894, 1903, 1904, 1905, 1907, 1909, 1910, 1912, 1914, 1917, 1918, 1921, 1923, 1924, 1925, 1928, 1929, 1930, 1932, 1937, 1939, 1941, 1943, 1944, 1945, 1959, 1960, 1961, 1962, 1963, 1965, 1970, 1978, 1980, 1982, 1992, 1997, 1999, 2015, 2035, 2057, 2058, 2059, 2060, 2063, 2073, 2078, 2079, 2097, 2166, 2206, 2207, 2208, 2212, 2216, 2228, 2237, 2249, 2250, 2268, 2289, 2302, 2303, 2305, 2356, 2488, 2510, 2726, 2740, 2744, 2745, 2746, 2748, 2751, 2754, 2762, 2764, 2867, 2882, 2886, 2887, 2889, 2942, 2968, 3013, 3049, 3083, 3084, 3085, 3088, 3090, 3103, 3105, 3106, 3108, 3127, 3146, 3165, 3229, 3407]
singleton cluster id: 1550 ; true_algo_ham_mean: 121.6 ; origin_ham_mean: 75.33333333333333 ; guessed index: CACAAA ; singleton index: CGCACC

singleton_cluster_id=1883 ; value=(0.8918918918918919, 33, 37)
true algo cluster = 43 ; len = 35 ; candidates = [33, 192, 398, 490, 491, 500, 519, 586, 587, 595, 596, 770, 820, 956, 964, 1061, 1063, 1064, 1069, 1071, 1079, 1093, 1100, 1102, 1104, 1114, 1118, 1122, 1170, 1178, 1179, 1355, 1366, 1372, 1374, 1384, 1386, 1390, 1408, 1423, 1426, 1427, 1434, 1446, 1501, 1568, 1670, 1675, 1713, 1714, 1719, 1723, 1727, 1790, 1795, 1796, 1840, 1864, 1892, 1895, 1920, 1922, 1975, 1977, 1980, 1985, 1988, 1989, 1990, 1993, 1995, 2009, 2012, 2016, 2026, 2027, 2032, 2037, 2048, 2067, 2095, 2099, 2100, 2102, 2103, 2135, 2136, 2138, 2139, 2140, 2160, 2161, 2163, 2167, 2172, 2181, 2182, 2183, 2193, 2225, 2241, 2243, 2244, 2251, 2256, 2261, 2265, 2280, 2281, 2282, 2284, 2285, 2286, 2289, 2291, 2294, 2295, 2296, 2297, 2298, 2299, 2300, 2301, 2304, 2306, 2309, 2310, 2312, 2313, 2314, 2315, 2317, 2318, 2320, 2321, 2322, 2323, 2324, 2325, 2326, 2328, 2329, 2330, 2332, 2333, 2334, 2339, 2342, 2346, 2347, 2348, 2349, 2353, 2369, 2372, 2389, 2390, 2391, 2399, 2407, 2410, 2848, 2904, 2916, 2969, 2979, 2980, 2985, 2987, 3047, 3422, 3457, 3460, 3461, 3465, 3480, 3486, 3491, 3492, 3497, 3501, 3510]
singleton cluster id: 1883 ; true_algo_ham_mean: 99.6 ; origin_ham_mean: 94.44444444444444 ; guessed index: CGAAAC ; singleton index: CTGGAT

singleton_cluster_id=1933 ; value=(0.9761904761904762, 41, 42)
true algo cluster = 1932 ; len = 41 ; candidates = [142, 181, 449, 463, 701, 718, 720, 752, 756, 760, 765, 832, 1047, 1096, 1097, 1126, 1658, 1780, 1890, 1956, 1959, 1960, 1962, 1963, 1966, 2036, 2081, 2096, 2114, 2311, 2570, 2748, 2778, 2817, 2850, 2876, 2913, 2955, 2960, 2961, 2962, 2963, 2966, 2968, 3085, 3107, 3142, 3143, 3145, 3146, 3147, 3150, 3151, 3251, 3288, 3443, 3445, 3478, 3487, 3513]
singleton cluster id: 1933 ; true_algo_ham_mean: 95.4 ; origin_ham_mean: 67.77777777777777 ; guessed index: CGCCGC ; singleton index: TGCTCG

singleton_cluster_id=2429 ; value=(0.9767441860465116, 42, 43)
true algo cluster = 2428 ; len = 42 ; candidates = [25, 30, 31, 57, 63, 64, 65, 67, 71, 142, 244, 260, 263, 264, 265, 266, 270, 279, 287, 299, 379, 383, 680, 978, 1218, 1242, 1257, 1273, 1274, 1276, 1279, 1280, 1282, 1283, 1288, 1353, 1461, 1482, 1511, 1590, 1716, 1844, 1890, 2115, 2274, 2432, 2433, 2434, 2435, 2437, 2443, 2447, 2448, 2449, 2454, 2455, 2456, 2458, 2459, 2460, 2461, 2462, 2464, 2465, 2469, 2471, 2473, 2474, 2476, 2477, 2479, 2480, 2481, 2483, 2485, 2486, 2487, 2489, 2490, 2491, 2492, 2493, 2494, 2495, 2496, 2497, 2498, 2499, 2500, 2503, 2519, 2523, 2530, 2531, 2543, 2548, 2552, 2553, 2554, 2566, 2569, 2570, 2571, 2572, 2577, 2581, 2606, 2607, 2609, 2616, 2623, 2635, 2637, 2638, 2640, 2642, 2644, 2649, 2657, 2658, 2663, 2666, 2667, 2669, 2674, 2677, 2678, 2681, 2690, 2692, 2693, 2698, 2703, 2705, 2706, 2707, 2708, 2710, 2712, 2729, 2736, 2737, 2745, 2750, 2774, 2778, 2779, 2780, 2783, 2788, 2850, 2962, 3052, 3064, 3066, 3067, 3068, 3069, 3072, 3073, 3075, 3126, 3288, 3327, 3335, 3364, 3369, 3371, 3377, 3445, 3513]
singleton cluster id: 2429 ; true_algo_ham_mean: 97.6 ; origin_ham_mean: 77.55555555555556 ; guessed index: GAAAAC ; singleton index: GAATCG

singleton_cluster_id=2699 ; value=(0.9333333333333333, 14, 15)
true algo cluster = 2414 ; len = 45 ; candidates = [18, 60, 120, 152, 153, 156, 157, 161, 162, 193, 214, 353, 484, 493, 622, 628, 638, 639, 641, 643, 648, 652, 657, 664, 667, 699, 784, 789, 849, 922, 923, 952, 954, 957, 1215, 1234, 1295, 1370, 1375, 1377, 1379, 1391, 1428, 1435, 1455, 1677, 1695, 1843, 2160, 2161, 2162, 2447, 2450, 2583, 2584, 2590, 2603, 2637, 2866, 3027, 3162, 3310, 3337, 3340]
singleton cluster id: 2699 ; true_algo_ham_mean: 114.6 ; origin_ham_mean: 105.88888888888889 ; guessed index: CTTTTC ; singleton index: TAGACA

singleton_cluster_id=2933 ; value=(0.8888888888888888, 8, 9)
true algo cluster = 2074 ; len = 24 ; candidates = [53, 134, 166, 168, 169, 188, 192, 195, 199, 204, 205, 206, 207, 208, 209, 215, 218, 230, 252, 291, 326, 347, 350, 354, 359, 360, 367, 372, 373, 374, 375, 391, 395, 430, 444, 451, 452, 453, 454, 462, 471, 473, 474, 479, 488, 489, 490, 491, 492, 494, 495, 500, 501, 502, 509, 511, 512, 513, 514, 515, 516, 517, 518, 519, 520, 522, 523, 524, 525, 526, 527, 528, 529, 530, 533, 534, 539, 540, 544, 545, 546, 547, 548, 561, 563, 587, 595, 598, 599, 600, 604, 614, 615, 616, 617, 675, 678, 686, 747, 766, 770, 781, 782, 783, 802, 803, 812, 816, 818, 819, 821, 822, 823, 826, 829, 831, 833, 836, 837, 838, 839, 840, 841, 842, 843, 898, 899, 902, 969, 986, 1033, 1039, 1079, 1093, 1098, 1114, 1115, 1117, 1118, 1130, 1133, 1137, 1193, 1350, 1368, 1425, 1427, 1446, 1584, 1689, 1690, 1697, 1714, 1719, 1723, 1724, 1725, 1726, 1727, 1743, 1745, 1803, 1869, 1879, 1882, 1954, 1957, 2004, 2005, 2029, 2030, 2032, 2033, 2044, 2046, 2047, 2048, 2049, 2050, 2051, 2067, 2071, 2106, 2107, 2112, 2113, 2348, 2557, 2558, 2562, 2597, 2632, 2650, 2682, 2842, 2879, 2880, 2904, 2914, 2915, 2916, 2917, 2920, 2932, 2934, 2935, 2988, 2989, 3061, 3185, 3187, 3215, 3223, 3261]
singleton cluster id: 2933 ; true_algo_ham_mean: 112.2 ; origin_ham_mean: 92.0 ; guessed index: CGGCCA ; singleton index: ACGGTT

singleton_cluster_id=3112 ; value=(0.8, 4, 5)
true algo cluster = 3111 ; len = 4 ; candidates = [186, 495, 498, 512, 580, 631, 654, 719, 721, 755, 772, 786, 790, 791, 792, 795, 800, 801, 802, 803, 808, 810, 811, 812, 821, 826, 831, 833, 843, 878, 1096, 1402, 1708, 1847, 1908, 1910, 1964, 1992, 1997, 1999, 2006, 2015, 2023, 2037, 2045, 2049, 2071, 2077, 2088, 2112, 2113, 2248, 2266, 2311, 2373, 2538, 2602, 2605, 2612, 2613, 2614, 2615, 2624, 2680, 2754, 2878, 2882, 2886, 2887, 2888, 2889, 2890, 2896, 2897, 2898, 2899, 2906, 2907, 2914, 2925, 2926, 2965, 3012, 3013, 3026, 3031, 3032, 3040, 3041, 3043, 3048, 3050, 3051, 3061, 3066, 3067, 3086, 3089, 3095, 3097, 3100, 3102, 3103, 3105, 3106, 3108, 3110, 3116, 3119, 3127, 3128, 3129, 3135, 3136, 3138, 3141, 3143, 3144, 3145, 3146, 3147, 3149, 3153, 3155, 3156, 3159, 3163, 3165, 3171, 3172, 3173, 3174, 3175, 3176, 3177, 3178, 3179, 3180, 3181, 3182, 3184, 3185, 3188, 3191, 3196, 3197, 3198, 3203, 3204, 3207, 3210, 3211, 3212, 3213, 3214, 3215, 3216, 3217, 3219, 3220, 3221, 3222, 3223, 3230, 3231, 3239, 3245, 3248, 3249, 3251, 3254, 3255, 3258, 3259, 3269, 3271, 3284, 3285, 3290, 3295, 3297, 3300, 3317, 3444, 3454, 3475, 3480, 3486, 3487, 3495, 3497, 3504, 3506, 3508, 3512]
singleton cluster id: 3112 ; true_algo_ham_mean: 97.75 ; origin_ham_mean: 80.33333333333333 ; guessed index: GGCCGG ; singleton index: GGGCTC

singleton_cluster_id=3132 ; value=(0.9512195121951219, 39, 41)
true algo cluster = 593 ; len = 81 ; candidates = [124, 287, 343, 449, 521, 640, 645, 649, 650, 651, 656, 672, 689, 704, 724, 742, 778, 798, 946, 1241, 1244, 1341, 1346, 1353, 1411, 1425, 1559, 1849, 1851, 1852, 1853, 1854, 1855, 1870, 1872, 1893, 1896, 1934, 1984, 2002, 2115, 2153, 2252, 2373, 2437, 2448, 2449, 2458, 2462, 2465, 2467, 2471, 2477, 2479, 2480, 2494, 2497, 2517, 2536, 2545, 2546, 2548, 2549, 2552, 2554, 2556, 2557, 2558, 2561, 2562, 2594, 2610, 2616, 2643, 2678, 2693, 2741, 2742, 2745, 2747, 2751, 2752, 2766, 2767, 2768, 2770, 2783, 2803, 2817, 3012, 3016, 3018, 3025, 3026, 3029, 3030, 3031, 3032, 3033, 3034, 3035, 3036, 3037, 3038, 3040, 3041, 3042, 3043, 3046, 3052, 3053, 3054, 3055, 3056, 3057, 3060, 3064, 3068, 3070, 3071, 3073, 3074, 3075, 3085, 3091, 3099, 3101, 3107, 3109, 3110, 3111, 3113, 3114, 3120, 3123, 3125, 3126, 3128, 3130, 3131, 3133, 3134, 3136, 3137, 3138, 3150, 3151, 3164, 3176, 3179, 3181, 3182, 3186, 3199, 3200, 3234, 3250, 3253, 3254, 3257, 3273, 3274, 3279, 3291, 3292, 3293, 3323, 3327, 3329, 3331, 3348, 3349, 3350, 3369, 3412, 3449, 3483, 3498]
singleton cluster id: 3132 ; true_algo_ham_mean: 103.0 ; origin_ham_mean: 92.88888888888889 ; guessed index: AACCGG ; singleton index: GGACGG

count_how_many_candidates_we_missed=15
ham_dist_candidates_and_origins={384: (78.2, 78.2, True), 405: (88.8, 88.8, True), 507: (85.4, 85.4, True), 597: (108.4, 105.0, False), 912: (99.7, 99.7, True), 1601: (112.4, 90.0, False), 1952: (92.4, 92.4, True), 2099: (95.88888888888889, 108.3, False), 2360: (89.1, 89.1, True), 2383: (79.7, 79.7, True), 2427: (93.1, 91.0, False), 2462: (89.5, 89.5, True), 2467: (90.9, 90.9, True), 2578: (87.3, 87.3, True), 2823: (85.6, 85.6, True), 3007: (82.6, 82.6, True), 3507: (81.7, 81.7, True), 4141: (84.2, 84.2, True), 4351: (82.4, 82.4, True), 4537: (80.1, 80.1, True), 4664: (87.0, 87.0, True), 4847: (84.9, 84.9, True), 4989: (78.77777777777777, 78.77777777777777, True), 4991: (66.0, 66.0, True), 5085: (97.375, 97.375, True), 5269: (80.7, 80.7, True), 5424: (87.9, 87.9, True), 5470: (86.6, 86.6, True), 5510: (81.8, 81.8, True), 5551: (81.625, 81.625, True), 5555: (84.125, 84.125, True), 5641: (85.0, 85.0, True), 5941: (75.5, 75.5, True), 6003: (85.5, 85.5, True), 6006: (90.7, 90.7, True), 6193: (91.5, 91.5, True), 6321: (94.4, 94.4, True), 6433: (94.1, 94.1, True), 6563: (90.9, 90.9, True), 6962: (77.3, 77.3, True), 7039: (82.2, 82.2, True), 7209: (94.4, 94.4, True), 7254: (90.5, 90.5, True), 7322: (77.6, 77.6, True), 7509: (88.8, 88.8, True), 7521: (92.8, 92.8, True), 7686: (81.7, 81.7, True), 7825: (78.7, 78.7, True), 7847: (75.2, 75.2, True), 8179: (89.7, 89.7, True), 8435: (77.5, 77.5, True), 8552: (83.0, 83.0, True), 8709: (95.2, 92.0, False), 8829: (75.8, 75.8, True), 8952: (68.2, 68.2, True), 9056: (85.8, 85.8, True), 9091: (81.8, 81.8, True), 9114: (81.6, 81.6, True), 9260: (79.4, 79.4, True), 9314: (89.3, 89.3, True), 9413: (90.9, 90.9, True), 9651: (96.8, 96.8, True), 9716: (84.5, 84.5, True), 9758: (83.5, 83.5, True), 10025: (94.9, 94.9, True), 10363: (88.7, 88.7, True), 10392: (93.0, 93.0, True), 10455: (90.0, 90.0, True), 10456: (90.0, 90.0, True), 10633: (86.83333333333333, 86.83333333333333, True), 10914: (90.6, 90.6, True), 10941: (86.14285714285714, 86.14285714285714, True), 11251: (105.2, 102.0, False), 11423: (71.2, 71.2, True), 11560: (89.3, 89.3, True), 11978: (89.1, 89.1, True), 12168: (82.1, 82.1, True), 12870: (83.0, 83.0, True), 13190: (89.0, 89.0, True), 13397: (75.7, 75.7, True), 13460: (79.6, 79.6, True), 13503: (79.25, 79.25, True), 13618: (89.3, 89.3, True), 13787: (71.7, 71.7, True), 13860: (101.2, 101.2, True), 14036: (82.4, 82.4, True), 14067: (70.7, 70.7, True), 14169: (98.6, 94.0, False), 14209: (68.0, 68.0, True), 14448: (86.5, 86.5, True), 14528: (82.0, 82.0, True), 15375: (91.2, 91.0, False), 16063: (83.9, 83.9, True), 16354: (87.3, 87.3, True), 16371: (84.2, 84.2, True), 16435: (92.3, 92.3, True), 16746: (82.88888888888889, 82.88888888888889, True), 17194: (96.3, 96.3, True), 17425: (76.2, 76.2, True), 17683: (87.5, 87.5, True), 17704: (89.3, 89.3, True), 17722: (87.1, 87.1, True), 17816: (77.6, 77.6, True), 17836: (88.8, 88.8, True), 18086: (93.9, 93.9, True), 18100: (88.125, 88.125, True), 18127: (78.5, 78.5, True), 18570: (89.1, 89.1, True), 18581: (79.9, 79.9, True), 18770: (90.8, 90.8, True), 19039: (79.9, 79.9, True), 19107: (86.2, 86.2, True), 19416: (93.1, 93.1, True), 19685: (112.0, 108.0, False), 19686: (112.0, 92.0, False), 19780: (81.2, 81.2, True), 20012: (91.7, 91.7, True), 20038: (97.9, 97.9, True), 20259: (78.3, 78.3, True), 20657: (89.3, 89.3, True), 21008: (80.6, 80.6, True), 21104: (87.4, 87.4, True), 21199: (82.2, 82.2, True), 21543: (71.9, 71.9, True), 22609: (99.6, 92.0, False), 22935: (84.3, 84.3, True), 22985: (75.6, 75.6, True), 23287: (80.5, 80.5, True), 23372: (83.7, 83.7, True), 23436: (77.2, 77.2, True), 23844: (91.0, 91.0, True), 23845: (91.0, 91.0, True), 23860: (84.0, 84.0, True), 23979: (82.3, 82.3, True), 24071: (101.14285714285714, 105.0, False), 24280: (80.3, 80.3, True), 24474: (87.4, 87.4, True), 24486: (101.1, 101.1, True), 24674: (84.2, 84.2, True), 24768: (73.7, 73.7, True), 25217: (86.6, 86.6, True), 25407: (97.6, 97.6, True), 25653: (83.0, 83.0, True), 25909: (83.2, 83.2, True), 26268: (82.0, 75.0, False), 26269: (82.8, 75.0, False), 26271: (79.6, 79.0, False), 26424: (82.9, 82.9, True), 26635: (81.9, 81.9, True), 26860: (86.4, 86.4, True), 27155: (86.4, 86.4, True), 27236: (89.6, 89.6, True), 27255: (83.5, 83.5, True), 27499: (80.9, 80.9, True), 27523: (87.2, 87.2, True), 27618: (78.5, 78.5, True), 27855: (84.6, 84.6, True), 28103: (87.4, 87.4, True), 28134: (74.4, 74.4, True), 28144: (77.6, 77.6, True), 28402: (72.2, 72.2, True), 28440: (88.8, 88.8, True), 28506: (84.0, 84.0, True), 28555: (87.1, 87.1, True), 28699: (121.4, 92.0, False), 29038: (92.8, 91.0, False), 29126: (82.4, 82.4, True), 29577: (76.6, 76.6, True), 29834: (99.7, 108.0, False), 29867: (84.1, 84.1, True), 29934: (85.3, 85.3, True), 29984: (83.3, 83.3, True), 30082: (79.4, 79.4, True), 30086: (81.8, 81.8, True), 30147: (80.9, 80.9, True), 30221: (98.0, 93.0, False), 30249: (84.8, 84.8, True), 30336: (88.7, 88.7, True), 30904: (87.6, 87.6, True), 30978: (86.9, 86.9, True), 31117: (86.5, 86.5, True), 31122: (81.1, 81.1, True), 31148: (83.4, 83.4, True), 31372: (91.3, 91.3, True), 31411: (79.83333333333333, 79.83333333333333, True), 31954: (92.7, 92.7, True), 32125: (93.6, 93.6, True), 32151: (83.7, 83.7, True), 32158: (84.1, 84.1, True), 32409: (87.2, 87.2, True), 32706: (121.6, 111.0, False), 32817: (83.1, 83.1, True), 32835: (94.4, 94.4, True), 32937: (87.3, 87.3, True), 33182: (95.1, 95.1, True), 33183: (83.7, 83.7, True), 33242: (96.4, 96.4, True), 33581: (80.1, 80.1, True), 34406: (82.7, 82.7, True), 34894: (87.7, 87.7, True), 35275: (89.1, 89.1, True), 35277: (83.1, 83.1, True), 35297: (71.0, 71.0, True), 35480: (83.6, 83.6, True), 35481: (90.2, 89.0, False), 35487: (95.6, 89.0, False), 35823: (77.1, 77.1, True), 35987: (84.1, 84.1, True), 36033: (90.0, 90.0, True), 36175: (89.9, 89.9, True), 36810: (92.5, 92.5, True), 36961: (67.0, 67.0, True), 37219: (91.3, 91.3, True), 37360: (91.9, 91.9, True), 37520: (97.1, 97.1, True), 37616: (77.1, 77.1, True), 37790: (91.4, 91.4, True), 37928: (83.9, 83.9, True), 37932: (83.3, 83.3, True), 38114: (87.5, 87.5, True), 38260: (89.2, 89.2, True), 38568: (91.8, 91.8, True), 38699: (93.9, 93.9, True), 38749: (73.2, 73.2, True), 39044: (75.7, 75.7, True), 39316: (80.5, 80.5, True), 40192: (93.4, 90.0, False), 40204: (99.6, 91.0, False), 40215: (82.7, 82.7, True), 40290: (77.5, 77.5, True), 40461: (78.4, 78.4, True), 40690: (83.4, 83.4, True), 40695: (99.1, 99.1, True), 40698: (92.1, 92.1, True), 40841: (94.75, 94.75, True), 40899: (80.1, 80.1, True), 41161: (95.4, 112.66666666666667, False), 41224: (79.8, 79.8, True), 41764: (80.3, 80.3, True), 41937: (89.5, 89.5, True), 42167: (90.8, 90.8, True), 43005: (77.7, 77.7, True), 43071: (84.5, 84.5, True), 43318: (84.3, 84.3, True), 43533: (78.6, 78.6, True), 43573: (81.6, 81.6, True), 43584: (93.9, 93.9, True), 43593: (85.9, 85.9, True), 43641: (101.0, 94.0, False), 43642: (101.0, 101.0, True), 43798: (78.8, 78.8, True), 44123: (84.33333333333333, 84.33333333333333, True), 44126: (92.0, 91.0, False), 44201: (87.6, 87.6, True), 44297: (75.7, 75.7, True), 44543: (64.0, 64.0, True), 44544: (64.0, 64.0, True), 44723: (95.4, 95.4, True), 45217: (89.0, 89.0, True), 45578: (70.7, 70.7, True), 45739: (86.0, 86.0, True), 45906: (100.7, 100.7, True), 46015: (85.9, 85.9, True), 46130: (79.1, 79.1, True), 46132: (84.5, 84.5, True), 46133: (81.5, 81.5, True), 46138: (90.5, 90.5, True), 46171: (92.375, 92.375, True), 46280: (89.7, 89.7, True), 46294: (79.11111111111111, 79.11111111111111, True), 46579: (86.9, 86.9, True), 46785: (85.0, 85.0, True), 46890: (96.4, 96.4, True), 47043: (85.0, 85.0, True), 47236: (89.9, 89.9, True), 47373: (103.0, 90.0, False), 47384: (89.2, 89.2, True), 47418: (86.0, 86.0, True), 47666: (81.0, 74.0, False), 47747: (81.3, 81.3, True), 47954: (99.6, 99.6, True), 48024: (84.8, 84.8, True), 48071: (84.3, 84.3, True), 48174: (84.6, 84.6, True), 48711: (82.4, 82.4, True), 48772: (88.2, 85.0, False), 48788: (85.6, 85.0, False), 49140: (78.5, 78.5, True), 49597: (112.8, 101.0, False), 49703: (66.2, 66.2, True), 49746: (91.4, 91.4, True), 49865: (79.7, 79.7, True), 50150: (91.1, 91.1, True), 50242: (79.5, 79.5, True), 50567: (87.125, 87.125, True), 50572: (91.9, 91.9, True), 50616: (90.7, 90.7, True), 50716: (80.9, 80.9, True), 50877: (84.9, 84.9, True), 51024: (72.1, 72.1, True), 51150: (79.8, 79.8, True), 51174: (99.8, 99.8, True), 51200: (81.2, 81.2, True), 51561: (81.6, 81.6, True), 51573: (88.6, 88.6, True), 51618: (83.2, 83.2, True), 51782: (85.9, 85.9, True), 51952: (75.4, 75.4, True), 52011: (81.2, 81.2, True), 52219: (97.6, 101.0, False), 52295: (109.1, 109.1, True), 52419: (105.5, 105.5, True), 52450: (103.4, 103.4, True), 52502: (92.9, 92.9, True), 52565: (96.8, 96.8, True), 52569: (97.8, 97.8, True), 52582: (86.4, 86.4, True), 52642: (80.8, 80.8, True), 52663: (75.3, 75.3, True), 53446: (85.4, 85.4, True), 53507: (93.7, 90.0, False), 53561: (98.1, 98.1, True), 53613: (65.0, 65.0, True), 53678: (84.2, 84.2, True), 54107: (88.7, 88.7, True), 54212: (80.7, 80.7, True), 54342: (85.4, 85.4, True), 54410: (75.2, 75.2, True), 54462: (89.4, 89.4, True), 54692: (88.4, 88.4, True), 55208: (89.7, 89.7, True), 55266: (94.2, 94.0, False), 55268: (99.2, 99.2, True), 55688: (94.5, 94.5, True), 55709: (87.0, 87.0, True), 56182: (94.6, 94.6, True), 56442: (91.11111111111111, 91.11111111111111, True), 56757: (85.5, 85.5, True), 56873: (92.2, 92.2, True), 57011: (83.8, 83.8, True), 57125: (85.5, 85.5, True), 57989: (88.75, 88.75, True), 58110: (114.6, 106.0, False), 58273: (77.7, 77.7, True), 58382: (80.16666666666667, 80.16666666666667, True), 58412: (76.2, 76.2, True), 58418: (80.66666666666667, 80.66666666666667, True), 58486: (71.4, 71.4, True), 58584: (86.2, 86.2, True), 58789: (90.0, 90.0, True), 58868: (80.8, 80.8, True), 59035: (82.8, 82.8, True), 59212: (89.8, 89.8, True), 59254: (97.5, 97.5, True), 59463: (87.3, 87.3, True), 60250: (91.5, 91.5, True), 60281: (91.8, 91.8, True), 61098: (99.6, 99.6, True), 61405: (97.0, 91.0, False), 61782: (87.2, 87.2, True), 61816: (92.3, 92.3, True), 61872: (93.9, 93.9, True), 61932: (94.375, 94.375, True), 62222: (86.66666666666667, 86.66666666666667, True), 62540: (83.2, 83.2, True), 62631: (85.0, 85.0, True), 62668: (89.6, 89.6, True), 62826: (79.4, 79.4, True), 63064: (112.2, 103.0, False), 63120: (94.7, 91.0, False), 63546: (86.5, 86.5, True), 63944: (91.4, 91.4, True), 64080: (92.2, 92.2, True), 64116: (78.2, 78.2, True), 64122: (84.2, 84.2, True), 64146: (98.6, 98.6, True), 64294: (76.5, 76.5, True), 64621: (96.4, 95.0, False), 64780: (88.3, 88.3, True), 65004: (96.8, 96.8, True), 65122: (77.6, 77.6, True), 65600: (99.8, 97.0, False), 65622: (70.6, 70.6, True), 66146: (91.1, 91.1, True), 66410: (85.2, 85.2, True), 66577: (84.3, 84.3, True), 66660: (78.66666666666667, 78.66666666666667, True), 66750: (100.0, 100.0, True), 66751: (100.0, 100.0, True), 66752: (88.0, 88.0, True), 66753: (88.0, 88.0, True), 66870: (97.75, 105.8, False), 66883: (82.9, 82.9, True), 66911: (79.0, 79.0, True), 66938: (84.4, 84.4, True), 67034: (80.5, 80.5, True), 67230: (103.0, 94.0, False), 67231: (107.4, 100.0, False), 67278: (78.9, 78.9, True), 67593: (92.8, 92.8, True), 67759: (82.1, 82.1, True), 67778: (92.9, 92.9, True), 68580: (86.4, 86.4, True), 68938: (98.0, 93.0, False), 69302: (80.3, 80.3, True), 69407: (69.6, 69.6, True), 69433: (95.7, 95.7, True), 69665: (80.6, 80.6, True), 69800: (82.4, 82.4, True), 69916: (82.5, 82.5, True), 69926: (90.5, 90.5, True), 69949: (93.7, 93.7, True), 70037: (88.1, 88.1, True), 70212: (85.6, 85.6, True), 70483: (82.1, 76.0, False), 70687: (97.7, 97.7, True), 70817: (91.2, 91.2, True), 70901: (53.4, 53.4, True), 70917: (64.8, 60.0, False), 71068: (94.4, 94.4, True), 71428: (75.8, 75.8, True), 71931: (93.9, 93.9, True), 71982: (91.9, 91.9, True), 72063: (70.6, 70.6, True), 72185: (87.9, 87.9, True), 72214: (94.66666666666667, 94.66666666666667, True), 72218: (79.0, 79.0, True), 72266: (90.2, 90.2, True), 72408: (80.6, 80.6, True), 72583: (82.5, 82.5, True), 72610: (84.0, 84.0, True), 72763: (81.4, 81.4, True), 72803: (90.1, 90.1, True), 72972: (79.2, 79.2, True), 73020: (94.55555555555556, 94.55555555555556, True), 73075: (92.1, 92.1, True), 73122: (105.3, 96.0, False), 73352: (92.2, 92.2, True), 73359: (80.0, 80.0, True), 73360: (80.0, 80.0, True), 73481: (74.75, 74.75, True), 73534: (88.7, 88.7, True), 73919: (84.7, 84.7, True), 73931: (85.9, 85.9, True), 74016: (78.3, 78.3, True), 74252: (90.2, 90.2, True), 74541: (83.6, 79.0, False), 74543: (88.0, 79.0, False), 74690: (91.6, 91.6, True), 74897: (92.5, 92.5, True), 74999: (80.9, 80.9, True), 75003: (92.1, 92.1, True), 75398: (83.0, 83.0, True), 75399: (83.0, 83.0, True)}
len(ham_dist_candidates_and_origins)=454
number of corrects: 404
mean of corrects ham dist: 84.97029702970298
max ham dist of corrects: 109.1
number of incorrects: 50
mean of incorrects ham dist: 92.7
min ham dist of incorrects: 60.0
mean of origin incorrects ham dist: 97.04
singleton id: 1601 ; true_algo_ham_mean: 112.4 ; origin_ham_mean: 83.44444444444444 ; guessed index: AGAGTG ; singleton index: AAATTA

singleton id: 2099 ; true_algo_ham_mean: 95.88888888888889 ; origin_ham_mean: 73.75 ; guessed index: AACCAG ; singleton index: ACAGAA

singleton id: 11251 ; true_algo_ham_mean: 105.2 ; origin_ham_mean: 90.66666666666667 ; guessed index: CCACCT ; singleton index: ACGTGA

singleton id: 22609 ; true_algo_ham_mean: 99.6 ; origin_ham_mean: 99.77777777777777 ; guessed index: CGGAAG ; singleton index: ATCGTG

singleton id: 24071 ; true_algo_ham_mean: 101.14285714285714 ; origin_ham_mean: 83.0 ; guessed index: ATGGTC ; singleton index: CACTGG

singleton id: 28699 ; true_algo_ham_mean: 121.4 ; origin_ham_mean: 86.66666666666667 ; guessed index: CGGAAT ; singleton index: GCACTA

singleton id: 29834 ; true_algo_ham_mean: 99.7 ; origin_ham_mean: 74.22222222222223 ; guessed index: CAGGGC ; singleton index: CTAGTG

singleton id: 32706 ; true_algo_ham_mean: 121.6 ; origin_ham_mean: 75.33333333333333 ; guessed index: CACAAA ; singleton index: CGCACC

singleton id: 40204 ; true_algo_ham_mean: 99.6 ; origin_ham_mean: 94.44444444444444 ; guessed index: CGAAAC ; singleton index: CTGGAT

singleton id: 41161 ; true_algo_ham_mean: 95.4 ; origin_ham_mean: 67.77777777777777 ; guessed index: CGCCGC ; singleton index: TGCTCG

singleton id: 52219 ; true_algo_ham_mean: 97.6 ; origin_ham_mean: 77.55555555555556 ; guessed index: GAAAAC ; singleton index: GAATCG

singleton id: 58110 ; true_algo_ham_mean: 114.6 ; origin_ham_mean: 105.88888888888889 ; guessed index: CTTTTC ; singleton index: TAGACA

singleton id: 63064 ; true_algo_ham_mean: 112.2 ; origin_ham_mean: 92.0 ; guessed index: CGGCCA ; singleton index: ACGGTT

singleton id: 66870 ; true_algo_ham_mean: 97.75 ; origin_ham_mean: 80.33333333333333 ; guessed index: GGCCGG ; singleton index: GGGCTC

singleton id: 67230 ; true_algo_ham_mean: 103.0 ; origin_ham_mean: 92.88888888888889 ; guessed index: AACCGG ; singleton index: GGACGG

summery:
The total number of unwanted unions is 30
The total number of unwanted singletons is 454
The total number of clusters with unwanted rebellious reads is 96
The avg size of unwanted rebellious reads in a cluster is 1.3229

acc_ver_0 = 0.7450

summery:
The total number of unwanted unions is 30
The total number of unwanted singletons is 141
The total number of clusters with unwanted rebellious reads is 97
The avg size of unwanted rebellious reads in a cluster is 1.3299

acc_ver_2 = 0.8280